230	85
230	85
0	85
0	85
0	85
0	85
0	85
0	85
0	85
0	85
0	85
0	85
0	350
0	350
0	350
0	350
0	351
0	351
0	351
0	351
0	351
0	351
0	351
0	351
0	351
0	351
0	351
0	351
0	351
0	351
0	351
0	351
0	351
0	351
0	352
0	352
0	352
0	352
0	352
0	352
0	352
0	352
0	352
0	352
0	352
0	352
0	352
0	352
0	352
0	352
0	352
0	352
0	353
0	353
0	353
0	353
0	353
0	353
0	353
0	353
0	353
0	353
0	353
0	353
0	353
0	353
0	353
0	353
0	353
0	353
0	354
0	354
0	354
0	354
0	354
0	354
0	354
0	354
0	354
0	354
0	354
0	354
0	354
0	354
0	354
0	354
0	354
0	354
0	355
0	355
0	355
0	355
0	355
0	355
0	355
0	355
0	355
0	355
0	355
8	355
20	355
32	355
44	355
56	355
68	355
80	355
93	355
105	355
117	355
129	355
141	355
153	355
165	355
177	355
189	355
201	355
213	355
225	355
237	355
250	355
262	355
274	355
286	355
298	355
310	355
322	355
333	355
335	355
336	355
337	355
339	355
340	355
341	355
343	355
344	355
345	355
346	355
348	355
348	355
348	355
348	355
348	355
348	355
348	355
348	355
348	355
348	355
348	355
348	355
348	355
348	355
348	355
348	355
348	355
348	355
348	355
348	355
348	355
348	355
348	355
348	355
348	355
341	355
326	355
311	355
295	355
280	355
265	355
249	355
234	355
219	355
204	355
188	355
173	355
158	355
142	355
127	355
112	355
97	355
81	355
67	355
66	355
65	355
64	355
63	355
61	355
60	355
59	355
58	355
57	355
55	355
54	356
53	356
52	356
50	356
49	356
48	356
47	356
46	356
44	356
43	356
42	356
41	356
40	356
38	356
37	356
36	356
35	356
34	356
32	356
31	356
30	356
29	356
28	356
26	356
25	356
24	356
26	356
35	356
44	356
54	356
63	356
72	356
81	356
90	356
99	356
108	356
117	356
126	356
135	356
138	356
138	356
138	356
138	356
138	356
138	356
138	356
138	356
138	356
138	356
138	356
138	356
138	356
138	356
138	356
137	356
137	356
137	356
137	356
137	356
137	356
137	356
137	356
137	356
137	356
137	356
137	356
137	356
137	356
137	356
137	356
137	356
137	356
137	356
137	356
137	356
137	356
137	356
137	356
137	356
137	356
137	356
136	356
134	356
132	356
129	356
127	356
124	356
122	356
120	356
117	356
115	356
112	356
110	356
108	356
105	356
103	356
100	356
98	356
96	356
93	356
91	356
88	356
86	356
84	357
81	357
79	357
76	357
76	357
75	357
74	357
74	357
73	357
72	357
72	357
71	357
70	357
70	357
69	357
68	357
68	357
67	357
66	357
66	357
65	357
64	357
64	357
63	357
62	357
62	356
61	356
60	356
60	356
59	356
58	356
58	356
57	356
56	356
56	356
55	356
54	356
54	356
53	356
53	356
52	356
51	356
51	356
50	356
49	356
50	356
51	356
52	356
53	356
55	356
56	356
57	356
58	356
60	356
61	356
62	356
63	356
65	356
66	356
67	356
68	356
70	356
71	356
72	356
73	356
75	356
75	356
75	356
75	356
75	356
75	356
75	356
75	356
75	356
75	356
75	356
75	356
75	356
75	356
75	356
75	356
75	356
75	356
75	356
75	356
75	356
75	356
75	356
75	356
75	356
75	356
75	356
75	356
75	356
75	356
75	356
75	354
75	352
75	350
75	348
74	347
73	345
72	343
71	341
70	339
69	337
68	335
67	333
65	332
64	330
63	328
62	326
61	324
60	322
59	319
58	314
57	309
56	304
55	299
54	294
53	289
52	284
51	279
50	274
49	269
51	270
63	271
75	273
87	275
99	277
110	279
122	280
134	282
146	284
158	286
170	288
181	289
193	291
205	293
217	295
229	297
241	298
252	300
264	302
276	304
288	306
300	307
312	309
323	311
335	313
347	315
347	316
346	318
346	321
345	323
345	326
344	329
344	332
343	334
343	337
343	340
342	343
342	345
341	348
341	351
340	354
340	356
339	358
339	343
338	328
338	314
337	299
337	284
336	269
336	254
335	239
335	224
334	210
334	195
334	180
333	165
333	150
332	135
332	120
331	106
331	91
330	76
330	61
329	46
329	33
328	37
328	40
327	44
324	47
316	51
309	54
302	58
295	61
288	65
281	68
274	72
266	75
259	79
252	82
245	86
238	89
231	93
223	96
216	100
209	103
202	107
195	110
188	114
181	117
173	121
166	124
159	128
152	131
145	135
138	138
131	142
123	145
116	149
109	152
102	156
95	159
88	163
80	166
73	170
66	173
59	177
52	180
47	184
46	187
45	191
44	194
43	198
42	201
41	205
40	208
39	212
38	215
37	219
36	222
35	226
33	229
32	233
31	236
30	240
29	243
28	247
27	250
26	254
25	257
24	261
23	264
22	268
21	271
20	275
18	278
17	282
16	285
15	289
14	292
13	296
12	298
11	299
10	299
9	299
8	300
7	300
6	300
4	301
3	301
2	301
1	302
0	302
0	302
0	303
0	303
0	303
0	304
0	304
0	304
0	305
0	305
0	305
0	306
0	306
0	306
0	307
0	307
0	307
0	308
0	308
0	308
0	309
0	309
0	309
0	310
0	310
0	310
0	311
0	311
0	311
0	312
0	312
0	312
0	313
0	313
0	313
0	314
0	314
0	314
0	315
0	315
0	315
0	316
0	316
0	316
0	317
0	317
0	317
0	318
0	318
0	318
0	319
0	319
0	320
0	320
0	321
0	322
0	323
0	323
0	324
0	325
0	326
0	326
0	327
0	328
0	329
0	329
0	330
0	331
0	332
7	332
14	333
22	334
29	335
37	335
44	336
51	337
59	338
66	338
73	339
81	340
88	341
96	342
103	342
110	343
118	344
125	345
133	345
140	346
147	347
155	348
162	348
169	349
177	350
184	351
192	351
199	352
206	353
214	354
221	354
228	355
236	353
243	350
251	346
258	343
265	339
273	336
280	332
288	329
295	325
302	322
310	318
317	315
324	311
332	308
339	304
347	300
348	297
348	293
348	290
348	286
348	283
348	279
348	276
348	272
348	269
348	265
348	262
348	258
348	255
348	251
348	248
348	244
348	240
348	237
348	233
348	230
348	226
348	223
348	219
348	216
348	212
348	209
348	205
348	202
348	198
348	195
348	191
348	187
348	184
348	180
348	177
348	173
348	170
348	166
348	163
348	159
347	156
347	152
347	149
347	145
347	142
347	138
347	134
347	131
347	127
347	124
347	120
347	117
347	113
347	110
347	106
347	103
347	99
347	96
347	92
347	89
347	85
347	82
347	78
347	74
347	71
347	67
347	64
347	60
347	57
346	53
345	50
344	46
343	43
342	42
341	42
340	42
339	42
338	42
337	42
336	41
335	41
334	41
333	41
332	41
331	41
330	41
329	41
328	41
327	41
326	41
325	41
324	41
323	41
322	41
321	41
320	40
319	40
318	40
318	40
317	40
317	40
317	40
316	40
316	40
316	40
315	40
315	40
314	40
314	40
314	40
313	40
313	39
313	39
312	39
312	39
311	39
311	39
311	39
310	39
310	39
310	39
311	39
311	39
311	39
311	39
312	39
312	38
312	38
312	38
312	38
313	38
313	38
313	38
313	38
314	38
314	38
314	38
314	38
315	38
315	38
315	38
315	38
316	37
316	37
316	37
316	37
316	37
317	37
317	37
317	37
317	37
317	37
317	37
317	37
317	37
317	37
317	37
317	36
317	36
317	36
317	36
317	36
317	36
317	36
317	36
317	36
317	36
317	36
317	36
317	36
317	36
317	36
317	36
317	35
317	35
317	35
317	35
318	35
318	35
318	35
318	35
318	30
318	30
318	30
318	30
318	30
318	30
318	30
318	30
318	30
160	30
160	30
160	30
160	30
