-128.41 142.92 -291.49 -182.24 146.44 -290.31 0 0 0 0 0 0 0 0 0 0 0 0 0 0 0
-128.41 142.92 -291.49 -182.24 146.44 -290.31 0 0 0 0 0 0 0 0 0 0 0 0 0 0 0
-125.82 143.26 -291.93 -179.52 146.66 -290.83 0 0 0 0 0 0 0 0 0 0 0 0 0 0 0
-125.2 143.46 -290.67 -179.1 146.9 -289.85 0 0 0 0 0 0 0 0 0 0 0 0 0 0 0
-125.07 143.94 -289.63 -179.06 147.16 -288.31 0 0 0 0 0 0 0 0 0 0 0 0 0 0 0
-124.9 144.28 -287.83 -178.6 147.56 -287.28 0 0 0 0 0 0 0 0 0 0 0 0 0 0 0
-124.43 144.66 -287.25 -178.34 147.83 -286.44 0 0 0 0 0 0 0 0 0 0 0 0 0 0 0
-124.43 144.66 -287.25 -178.34 147.83 -286.44 0 0 0 0 0 0 0 0 0 0 0 0 0 0 0
-121.86 144.4 -288.51 -175.82 147.65 -287.25 0 0 0 0 0 0 0 0 0 0 0 0 0 0 0
-123.49 144.26 -287.7 -176.83 147.51 -286.72 0 0 0 0 0 0 0 0 0 0 0 0 0 0 0
-119.4 144.04 -289.31 -173.07 147.4 -288.34 0 0 0 0 0 0 0 0 0 0 0 0 0 0 0
-117.95 143.13 -289.83 -171.54 146.54 -288.98 0 0 0 0 0 0 0 0 0 0 0 0 0 0 0
-116.47 143 -288.72 -170.21 146.36 -288.1 0 0 0 0 0 0 0 0 0 0 0 0 0 0 0
-114.85 143.27 -287.92 -168.85 146.47 -287.42 0 0 0 0 0 0 0 0 0 0 0 0 0 0 0
-113.3 143.09 -287.41 -167.5 146.41 -286.74 0 0 0 0 0 0 0 0 0 0 0 0 0 0 0
-112.45 143.02 -287.28 -166.31 146.39 -286.73 0 0 0 0 0 0 0 0 0 0 0 0 0 0 0
-112.45 143.02 -287.28 -166.31 146.39 -286.73 0 0 0 0 0 0 0 0 0 0 0 0 0 0 0
-112.14 142.94 -287.28 -165.66 146.66 -286.76 0 0 0 0 0 0 0 0 0 0 0 0 0 0 0
-111.8 142.93 -287.21 -165.47 146.63 -286.64 0 0 0 0 0 0 0 0 0 0 0 0 0 0 0
-110.55 142.77 -287.21 -164.35 147.11 -286.54 0 0 0 0 0 0 0 0 0 0 0 0 0 0 0
-110.19 142.93 -287.22 -163.95 147.13 -286.89 0 0 0 0 0 0 0 0 0 0 0 0 0 0 0
-109.32 142.87 -287.39 -162.96 147.57 -286.77 0 0 0 0 0 0 0 0 0 0 0 0 0 0 0
-109.32 142.87 -287.39 -162.96 147.57 -286.77 0 0 0 0 0 0 0 0 0 0 0 0 0 0 0
-109.32 142.87 -287.39 -162.96 147.57 -286.77 0 0 0 0 0 0 0 0 0 0 0 0 0 0 0
-108.79 143 -287.62 -162.27 148.27 -286.56 0 0 0 0 0 0 0 0 0 0 0 0 0 0 0
-108.79 143 -287.62 -162.27 148.27 -286.56 0 0 0 0 0 0 0 0 0 0 0 0 0 0 0
-108.4 142.96 -287.59 -161.64 148.54 -286.96 0 0 0 0 0 0 0 0 0 0 0 0 0 0 0
-107.96 142.9 -287.67 -161.96 148.24 -286.73 0 0 0 0 0 0 0 0 0 0 0 0 0 0 0
-107.8 142.94 -287.78 -161.78 148.32 -286.77 0 0 0 0 0 0 0 0 0 0 0 0 0 0 0
-108.19 142.97 -287.62 -161.53 148.5 -286.87 0 0 0 0 0 0 0 0 0 0 0 0 0 0 0
-107.67 142.94 -287.72 -160.98 148.86 -287.13 0 0 0 0 0 0 0 0 0 0 0 0 0 0 0
-107.58 142.94 -287.73 -160.9 148.92 -287.16 0 0 0 0 0 0 0 0 0 0 0 0 0 0 0
-107.5 142.94 -287.74 -160.81 148.96 -287.17 0 0 0 0 0 0 0 0 0 0 0 0 0 0 0
-107.43 142.94 -287.75 -160.74 149.03 -287.16 0 0 0 0 0 0 0 0 0 0 0 0 0 0 0
-107.43 142.94 -287.75 -160.74 149.03 -287.16 0 0 0 0 0 0 0 0 0 0 0 0 0 0 0
-107.05 142.99 -287.84 -160.29 149.25 -287.24 0 0 0 0 0 0 0 0 0 0 0 0 0 0 0
-106.04 142.93 -287.87 -160.04 149.4 -287.24 0 0 0 0 0 0 0 0 0 0 0 0 0 0 0
-105.69 143.05 -287.95 -158.58 150.03 -287.29 0 0 0 0 0 0 0 0 0 0 0 0 0 0 0
-105.16 143.1 -288.02 -158.27 150.21 -287.19 0 0 0 0 0 0 0 0 0 0 0 0 0 0 0
-104.27 143.28 -288.18 -157.42 150.97 -287.05 0 0 0 0 0 0 0 0 0 0 0 0 0 0 0
-104.14 143.21 -288.36 -156.94 151.22 -287.14 0 0 0 0 0 0 0 0 0 0 0 0 0 0 0
-102.99 143.16 -288.48 -155.84 151.81 -286.86 0 0 0 0 0 0 0 0 0 0 0 0 0 0 0
-101.84 143.16 -288.34 -154.18 153.02 -287.29 0 0 0 0 0 0 0 0 0 0 0 0 0 0 0
-101.84 143.16 -288.34 -154.18 153.02 -287.29 0 0 0 0 0 0 0 0 0 0 0 0 0 0 0
-99.58 143.22 -288.62 -151.76 155.01 -287.17 0 0 0 0 0 0 0 0 0 0 0 0 0 0 0
-99.58 143.22 -288.62 -151.76 155.01 -287.17 0 0 0 0 0 0 0 0 0 0 0 0 0 0 0
-98.94 143.22 -288.6 -150.5 155.61 -287 0 0 0 0 0 0 0 0 0 0 0 0 0 0 0
-97.76 142.9 -288.52 -149.75 154.74 -286.35 0 0 0 0 0 0 0 0 0 0 0 0 0 0 0
-97.4 142.66 -288.44 -149.95 154.03 -286.09 0 0 0 0 0 0 0 0 0 0 0 0 0 0 0
-97.09 142.12 -287.79 -150.19 152.03 -287.86 0 0 0 0 0 0 0 0 0 0 0 0 0 0 0
-99.61 142.06 -288.35 -152.21 149.11 -288.69 0 0 0 0 0 0 0 0 0 0 0 0 0 0 0
-99.31 141.94 -288.05 -152.19 149.15 -289.45 0 0 0 0 0 0 0 0 0 0 0 0 0 0 0
-99.46 142.17 -288.37 -151.99 148.87 -290.49 0 0 0 0 0 0 0 0 0 0 0 0 0 0 0
-98.55 141.92 -288.16 -151.57 149.41 -290.51 0 0 0 0 0 0 0 0 0 0 0 0 0 0 0
-96.78 142.21 -288.72 -149.08 150.9 -291.86 0 0 0 0 0 0 0 0 0 0 0 0 0 0 0
-96.33 142.16 -288.66 -148.73 151.35 -292.15 0 0 0 0 0 0 0 0 0 0 0 0 0 0 0
-96.33 142.16 -288.66 -148.73 151.35 -292.15 0 0 0 0 0 0 0 0 0 0 0 0 0 0 0
-95.34 142.32 -289.06 -147.49 153.15 -292.28 0 0 0 0 0 0 0 0 0 0 0 0 0 0 0
-95.08 142.16 -288.81 -146.96 153.26 -292.51 0 0 0 0 0 0 0 0 0 0 0 0 0 0 0
-94.39 142.21 -289 -146.07 153.1 -292.77 0 0 0 0 0 0 0 0 0 0 0 0 0 0 0
-93.32 142 -289.01 -144.94 153.08 -292.68 0 0 0 0 0 0 0 0 0 0 0 0 0 0 0
-92.95 141.9 -289.08 -144.43 153.13 -292.26 0 0 0 0 0 0 0 0 0 0 0 0 0 0 0
-92.03 141.91 -289.15 -143.4 153.29 -291.42 0 0 0 0 0 0 0 0 0 0 0 0 0 0 0
-91.9 141.86 -289.22 -143.41 153.38 -291.17 0 0 0 0 0 0 0 0 0 0 0 0 0 0 0
-91.9 141.86 -289.22 -143.41 153.38 -291.17 0 0 0 0 0 0 0 0 0 0 0 0 0 0 0
-91.07 141.87 -289.07 -142.83 153.65 -290.7 0 0 0 0 0 0 0 0 0 0 0 0 0 0 0
-90.66 141.84 -289.2 -142.06 154.12 -290.36 0 0 0 0 0 0 0 0 0 0 0 0 0 0 0
-89.74 141.59 -289.06 -141.12 154.17 -289.72 0 0 0 0 0 0 0 0 0 0 0 0 0 0 0
-89.28 141.54 -289.12 -140.62 154.22 -289.46 0 0 0 0 0 0 0 0 0 0 0 0 0 0 0
-87.31 141.52 -289.42 -138.4 155.16 -289.66 0 0 0 0 0 0 0 0 0 0 0 0 0 0 0
-87.31 141.52 -289.42 -138.4 155.16 -289.66 0 0 0 0 0 0 0 0 0 0 0 0 0 0 0
-86.04 141.36 -289.24 -137.01 154.77 -289.23 0 0 0 0 0 0 0 0 0 0 0 0 0 0 0
-85.32 141.18 -289.2 -136.5 154.42 -288.99 0 0 0 0 0 0 0 0 0 0 0 0 0 0 0
-83.57 140.82 -289.02 -134.87 153.71 -288.93 0 0 0 0 0 0 0 0 0 0 0 0 0 0 0
-82.33 140.69 -289.13 -133.62 153.43 -288.83 0 0 0 0 0 0 0 0 0 0 0 0 0 0 0
-81.6 140.58 -289.19 -132.96 153.27 -289.06 0 0 0 0 0 0 0 0 0 0 0 0 0 0 0
-78.78 140.15 -289.06 -130.34 152.29 -289.02 0 0 0 0 0 0 0 0 0 0 0 0 0 0 0
-78.78 140.15 -289.06 -130.34 152.29 -289.02 0 0 0 0 0 0 0 0 0 0 0 0 0 0 0
-77.92 140.01 -289.1 -129.16 152.27 -289.1 0 0 0 0 0 0 0 0 0 0 0 0 0 0 0
-76.7 139.84 -288.81 -128.12 151.9 -288.8 0 0 0 0 0 0 0 0 0 0 0 0 0 0 0
-75.67 139.63 -289.07 -127.04 151.89 -289.18 0 0 0 0 0 0 0 0 0 0 0 0 0 0 0
-75.05 139.62 -288.94 -126.55 151.72 -289.06 0 0 0 0 0 0 0 0 0 0 0 0 0 0 0
-74.28 139.64 -289.02 -125.49 151.65 -289.5 0 0 0 0 0 0 0 0 0 0 0 0 0 0 0
-73.64 139.47 -288.88 -124.65 151.39 -289.32 0 0 0 0 0 0 0 0 0 0 0 0 0 0 0
-73.5 139.49 -288.89 -124.39 151.48 -289.38 0 0 0 0 0 0 0 0 0 0 0 0 0 0 0
-73.57 139.41 -288.65 -124.33 151.12 -289.25 0 0 0 0 0 0 0 0 0 0 0 0 0 0 0
-73.57 139.41 -288.65 -124.33 151.12 -289.25 0 0 0 0 0 0 0 0 0 0 0 0 0 0 0
-73.01 139.35 -288.65 -123.82 150.84 -289.26 0 0 0 0 0 0 0 0 0 0 0 0 0 0 0
-72.57 139.31 -288.73 -122.94 150.68 -289.49 0 0 0 0 0 0 0 0 0 0 0 0 0 0 0
-72.2 139.3 -288.76 -122.3 150.42 -289.59 0 0 0 0 0 0 0 0 0 0 0 0 0 0 0
-69.69 139.06 -288.84 -121.21 149.98 -289.87 0 0 0 0 0 0 0 0 0 0 0 0 0 0 0
-67.01 138.71 -288.61 -118.76 148.69 -290 0 0 0 0 0 0 0 0 0 0 0 0 0 0 0
-64.18 138.35 -288.5 -115.91 147.89 -290.17 0 0 0 0 0 0 0 0 0 0 0 0 0 0 0
-63.23 138.19 -288.46 -114.98 147.46 -290.45 0 0 0 0 0 0 0 0 0 0 0 0 0 0 0
-63.23 138.19 -288.46 -114.98 147.46 -290.45 0 0 0 0 0 0 0 0 0 0 0 0 0 0 0
-59.21 137.35 -288.21 -110.91 146.48 -290.5 0 0 0 0 0 0 -179.55 147.51 -302.67 0 0 0 0 0 0
-59.21 137.35 -288.21 -110.91 146.48 -290.5 0 0 0 0 0 0 -179.55 147.51 -302.67 0 0 0 0 0 0
-57.4 137.01 -288.1 -108.78 145.87 -290.26 0 0 0 0 0 0 -178.02 146.98 -302.64 0 0 0 0 0 0
-55.92 136.67 -287.93 -107.49 145.47 -290.17 0 0 0 0 0 0 -176.41 145.79 -301.93 0 0 0 0 0 0
-53.41 136.07 -287.71 -105.13 144.64 -289.38 0 0 0 0 0 0 -174.12 144.12 -300.58 0 0 0 0 0 0
-53.41 136.07 -287.71 -105.13 144.64 -289.38 0 0 0 0 0 0 -174.12 144.12 -300.58 0 0 0 0 0 0
-52.59 135.91 -287.57 -104.12 144.4 -289.34 0 0 0 0 0 0 -173.42 143.62 -300.13 0 0 0 0 0 0
-51.76 135.68 -287.45 -103.4 143.85 -289.02 0 0 0 0 0 0 -172.56 142.72 -299.75 0 0 0 0 0 0
-51.76 135.68 -287.45 -103.4 143.85 -289.02 0 0 0 0 0 0 -172.56 142.72 -299.75 0 0 0 0 0 0
-51.17 135.33 -287.45 -102.88 143.68 -288.83 0 0 0 0 0 0 -171.82 142.49 -299.41 0 0 0 0 0 0
-51.4 135.64 -287.66 -102.33 143.63 -288.56 0 0 0 0 0 0 -171.71 142.49 -298.97 0 0 0 0 0 0
-49.77 135.15 -287.31 -101.24 143.55 -288.41 0 0 0 0 0 0 -170.74 142.27 -298.25 0 0 0 0 0 0
-49.06 134.96 -287.36 -100.72 143.58 -288.51 0 0 0 0 0 0 -170.14 142.39 -297.85 0 0 0 0 0 0
-48.65 135 -287.36 -100.15 143.4 -288.34 0 0 0 0 0 0 -169.86 142.23 -297.56 0 0 0 0 0 0
-47.95 134.79 -287.09 -99.83 143.51 -288.64 0 0 0 0 0 0 -169.4 142.18 -297.24 0 0 0 0 0 0
-47.66 134.67 -287.17 -99.24 143.31 -288.31 0 0 0 0 0 0 -168.96 142.22 -297.12 0 0 0 0 0 0
-47.14 134.67 -287.03 -98.61 143.52 -288.38 0 0 0 0 0 0 -168.3 142.44 -297.3 0 0 0 0 0 0
-46.61 134.5 -287.04 -98.07 143.55 -288.43 0 0 0 0 0 0 -167.78 142.6 -297.86 0 0 0 0 0 0
-45.86 134.35 -286.81 -97.36 143.64 -288.72 0 0 0 0 0 0 -167.31 143.11 -297.95 0 0 0 0 0 0
-45.58 134.34 -286.85 -97.07 143.43 -288.37 0 0 0 0 0 0 -167 143.17 -297.84 0 0 0 0 0 0
-45.07 134.22 -286.86 -97.61 143.43 -288.24 0 0 0 0 0 0 -166.16 143.33 -298.16 0 0 0 0 0 0
-44.31 133.94 -286.66 -95.82 143.45 -288.34 0 0 0 0 0 0 -165.26 143.49 -298.23 0 0 0 0 0 0
-43.04 133.66 -286.82 -94.22 143.28 -288.46 0 0 0 0 0 0 -163.99 143.13 -297.89 0 0 0 0 0 0
-43.04 133.66 -286.82 -94.22 143.28 -288.46 0 0 0 0 0 0 -163.99 143.13 -297.89 0 0 0 0 0 0
-39.54 132.76 -286.48 -90.81 142.6 -288.26 0 0 0 0 0 0 -160.24 142.49 -297.97 0 0 0 0 0 0
-38.09 132.44 -286.35 -89.36 142.32 -288.22 0 0 0 0 0 0 -158.69 142.4 -298.41 0 0 0 0 0 0
-36.21 131.86 -286.15 -87.17 142.1 -288.1 0 0 0 0 0 0 -156.83 142.16 -298.68 0 0 0 0 0 0
-36.21 131.86 -286.15 -87.17 142.1 -288.1 0 0 0 0 0 0 -156.83 142.16 -298.68 0 0 0 0 0 0
-36.21 131.86 -286.15 -87.17 142.1 -288.1 0 0 0 0 0 0 -156.83 142.16 -298.68 0 0 0 0 0 0
-34.01 131.33 -285.98 -84.77 141.86 -287.64 0 0 0 0 0 0 -154.72 142.16 -297.52 0 0 0 0 0 0
-33.53 131.23 -286.06 -84.48 141.79 -287.52 0 0 0 0 0 0 -154.1 142.13 -297.21 0 0 0 0 0 0
-32.12 130.79 -285.82 -83.15 141.68 -287.62 0 0 0 0 0 0 -152.6 142.29 -296.62 0 0 0 0 0 0
-31.6 130.7 -285.83 -82.46 141.61 -287.45 0 0 0 0 0 0 -151.9 142.24 -296.32 0 0 0 0 0 0
-30.44 130.33 -285.69 -81.37 141.52 -287.38 0 0 0 0 0 0 -151.24 142.23 -296.27 0 0 0 0 0 0
-29.84 130.23 -285.69 -80.71 141.5 -287.26 0 0 0 0 0 0 -150.49 142.17 -296.02 0 0 0 0 0 0
-28.09 129.58 -285.48 -78.86 141.25 -287.23 0 0 0 0 0 0 -148.54 142.65 -295.58 0 0 0 0 0 0
-26.82 129.2 -285.44 -77.66 140.98 -286.93 0 0 0 0 0 0 -147.68 143.04 -294.67 0 0 0 0 0 0
-26.82 129.2 -285.44 -77.66 140.98 -286.93 0 0 0 0 0 0 -147.68 143.04 -294.67 0 0 0 0 0 0
-24.47 128.39 -285.09 -75.05 140.47 -286.36 0 0 0 0 0 0 -143.97 143.11 -293.48 0 0 0 0 0 0
-22.94 127.71 -284.9 -73.32 140.2 -286.16 0 0 0 0 0 0 -143.39 143.04 -293.47 0 0 0 0 0 0
-23.43 127.92 -285 -73.86 140.46 -286.45 0 0 0 0 0 0 -143.76 143.32 -294.02 0 0 0 0 0 0
-21.5 127.36 -284.81 -72.13 140.13 -286.48 0 0 0 0 0 0 -141.68 143.25 -293.12 0 0 0 0 0 0
-20.88 127.1 -284.73 -71.28 140.06 -286.17 0 0 0 0 0 0 -141.45 143.42 -292.79 0 0 0 0 0 0
-20.88 127.1 -284.73 -71.28 140.06 -286.17 0 0 0 0 0 0 -141.45 143.42 -292.79 0 0 0 0 0 0
-19.8 126.52 -284.38 -69.99 139.84 -285.84 0 0 0 0 0 0 -139.98 143.26 -292.27 0 0 0 0 0 0
-17.86 125.89 -284.42 -68.11 139.61 -286.23 0 0 0 0 0 0 -138.3 143.55 -291.88 0 0 0 0 0 0
-17.86 125.89 -284.42 -68.11 139.61 -286.23 0 0 0 0 0 0 -138.3 143.55 -291.88 0 0 0 0 0 0
-17.86 125.89 -284.42 -68.11 139.61 -286.23 0 0 0 0 0 0 -138.3 143.55 -291.88 0 0 0 0 0 0
-15.61 125.01 -284.1 -65.63 139.31 -285.69 0 0 0 0 0 0 -135.76 143.9 -291.59 0 0 0 0 0 0
-14.66 124.52 -284.07 -64.53 139.26 -285.91 0 0 0 0 0 0 -134.42 143.93 -291.43 0 0 0 0 0 0
-13.51 124.2 -283.88 -63.29 139.14 -286.04 0 0 0 0 0 0 -133.02 144.31 -291.45 0 0 0 0 0 0
-11.44 123.3 -283.59 -61.06 138.94 -285.91 0 0 0 0 0 0 -130.8 144.82 -291.51 0 0 0 0 0 0
-11.44 123.3 -283.59 -61.06 138.94 -285.91 0 0 0 0 0 0 -130.8 144.82 -291.51 0 0 0 0 0 0
-10.57 122.78 -283.34 -60.08 138.68 -285.77 0 0 0 0 0 0 -129.96 145.05 -291.43 0 0 0 0 0 0
-10.06 122.54 -283.35 -59.44 138.49 -285.67 0 0 0 0 0 0 -129.28 144.99 -291.38 0 0 0 0 0 0
-7.64 121.34 -283.1 -56.84 138.14 -285.49 0 0 0 0 0 0 -126.65 144.99 -291.18 0 0 0 0 0 0
-7.64 121.34 -283.1 -56.84 138.14 -285.49 0 0 0 0 0 0 -126.65 144.99 -291.18 0 0 0 0 0 0
-7.26 121.12 -283.01 -56.34 138.1 -285.46 0 0 0 0 0 0 -126.41 144.89 -291.14 0 0 0 0 0 0
-6.29 120.63 -282.78 -55.48 137.84 -285.6 0 0 0 0 0 0 -124.88 144.95 -290.96 0 0 0 0 0 0
-5.95 120.41 -282.64 -54.97 137.77 -285.55 0 0 0 0 0 0 -124.64 144.98 -290.62 0 0 0 0 0 0
-5.07 120.05 -282.41 -53.99 137.67 -285.4 0 0 0 0 0 0 -123.44 145.12 -290.8 0 0 0 0 0 0
-3.67 119.17 -281.98 -52.41 137.21 -285.02 0 0 0 0 0 0 -122.13 145.41 -290.4 0 0 0 0 0 0
-2.99 118.79 -281.85 -51.64 136.99 -285.18 0 0 0 0 0 0 -121 145.56 -290.13 0 0 0 0 0 0
-2.99 118.79 -281.85 -51.64 136.99 -285.18 0 0 0 0 0 0 -121 145.56 -290.13 0 0 0 0 0 0
-0.5 117.43 -281.37 -48.9 136.39 -284.85 0 0 0 0 0 0 -118.12 146.2 -290.17 0 0 0 0 0 0
-0.5 117.43 -281.37 -48.9 136.39 -284.85 0 0 0 0 0 0 -118.12 146.2 -290.17 0 0 0 0 0 0
-0.18 117.16 -281.23 -48.48 136.22 -284.82 0 0 0 0 0 0 -117.94 146.13 -290.22 0 0 0 0 0 0
-0.66 117.14 -281.09 -48.66 135.77 -284.15 0 0 0 0 0 0 -118.17 145.6 -289.7 0 0 0 0 0 0
-1.3 117.06 -280.64 -50 135.58 -283.79 0 0 0 0 0 0 -119.52 145.24 -288.34 0 0 0 0 0 0
-1.3 117.06 -280.64 -50 135.58 -283.79 0 0 0 0 0 0 -119.52 145.24 -288.34 0 0 0 0 0 0
-3.04 117.52 -280.67 -51.97 135.35 -282.85 0 0 0 0 0 0 -121.43 144.66 -284.39 0 0 0 0 0 0
-4 117.8 -280.92 -52.99 135.12 -283.03 0 0 0 0 0 0 -122.89 143.4 -283.82 0 0 0 0 0 0
-4.67 118.07 -280.78 -53.81 135.03 -282.86 0 0 0 0 0 0 -123.77 143.2 -283.21 0 0 0 0 0 0
-10.41 121.17 -282.24 -60.31 136.57 -283.2 0 0 0 0 0 0 -129.88 144.09 -279.53 0 0 0 0 0 0
-15.51 123.42 -282.52 -65.87 137.62 -283.19 0 0 0 0 0 0 -135.44 145.69 -277.11 0 0 0 0 0 0
-16.99 124.16 -282.9 -67.24 137.89 -283.23 0 0 0 0 0 0 -136.63 146.05 -276.49 0 0 0 0 0 0
-18.54 124.82 -282.93 -68.91 138 -282.92 0 0 0 0 0 0 -138.58 147.87 -277.04 0 0 0 0 0 0
-20.82 125.61 -283.21 -71.33 138.42 -282.96 0 0 0 0 0 0 -141.22 148.86 -277.11 0 0 0 0 0 0
-20.67 125.76 -283.4 -71.15 138.71 -283.3 0 0 0 0 0 0 -140.94 150.32 -280.79 0 0 0 0 0 0
-17.49 124.7 -283.48 -67.86 138.53 -283.95 0 0 0 0 0 0 -136.97 151.56 -283.68 0 0 0 0 0 0
-15.42 123.92 -282.7 -65.57 138.09 -283.75 0 0 0 0 0 0 -134.89 151.2 -284.34 0 0 0 0 0 0
-12.79 122.62 -282.63 -62.73 137.68 -284.06 0 0 0 0 0 0 -132.11 150.3 -285.84 0 0 0 0 0 0
-12.79 122.62 -282.63 -62.73 137.68 -284.06 0 0 0 0 0 0 -132.11 150.3 -285.84 0 0 0 0 0 0
-9.17 121.05 -282.08 -58.84 136.86 -283.88 0 0 0 0 0 0 -127.96 149.39 -286.65 0 0 0 0 0 0
-8.38 120.61 -281.89 -57.86 136.65 -283.83 0 0 0 0 0 0 -127.27 149.17 -286.65 0 0 0 0 0 0
-4.83 118.8 -281.15 -54.16 135.61 -283.88 0 0 0 0 0 0 -123.07 147.9 -286.77 0 0 0 0 0 0
-3.17 117.89 -280.67 -52.21 135.03 -283.62 0 0 0 0 0 0 -121.61 147.36 -287.43 0 0 0 0 0 0
-1.11 117.18 -280.8 -49.93 134.93 -284.18 0 0 0 0 0 0 -119.15 147.25 -288.41 0 0 0 0 0 0
-1.11 117.18 -280.8 -49.93 134.93 -284.18 0 0 0 0 0 0 -119.15 147.25 -288.41 0 0 0 0 0 0
-0.17 116.79 -280.67 -48.91 134.88 -284.34 0 0 0 0 0 0 -117.96 147.27 -288.19 0 0 0 0 0 0
0.51 116.32 -280.61 -49.67 134.89 -284.06 0 0 0 0 0 0 -117.01 147.1 -288.32 0 0 0 0 0 0
0.94 116.11 -280.6 -49.2 134.86 -284.11 0 0 0 0 0 0 -116.32 147.24 -288.42 0 0 0 0 0 0
0.94 116.11 -280.6 -49.2 134.86 -284.11 0 0 0 0 0 0 -116.32 147.24 -288.42 0 0 0 0 0 0
3.63 114.7 -280.52 -44.51 134.15 -284.66 0 0 0 0 0 0 -113.39 146.82 -290.55 0 0 0 0 0 0
4.08 114.43 -280.45 -43.92 134.12 -284.66 0 0 0 0 0 0 -112.86 146.82 -290.73 0 0 0 0 0 0
4.91 113.9 -280.12 -42.84 133.91 -284.28 0 0 0 0 0 0 -111.82 146.94 -290.97 0 0 0 0 0 0
4.91 113.9 -280.12 -42.84 133.91 -284.28 0 0 0 0 0 0 -111.82 146.94 -290.97 0 0 0 0 0 0
6.34 112.74 -279.83 -41.16 133.38 -284.23 0 0 0 0 0 0 -109.86 146.77 -291.14 0 0 0 0 0 0
8.46 111.2 -279.72 -38.59 132.76 -284.36 0 0 0 0 0 0 -106.95 146.13 -291.22 0 0 0 0 0 0
9.91 109.93 -279.22 -36.64 132.22 -283.88 0 0 0 0 0 0 -105.53 145.3 -290.95 0 0 0 0 0 0
10.83 109.1 -279.08 -35.54 131.89 -283.83 0 0 0 0 0 0 -104.02 145.07 -291.01 0 0 0 0 0 0
12.58 107.33 -278.51 -33.17 131.23 -283.48 0 0 0 0 0 0 -101.73 144.87 -291.43 0 0 0 0 0 0
12.58 107.33 -278.51 -33.17 131.23 -283.48 0 0 0 0 0 0 -101.73 144.87 -291.43 0 0 0 0 0 0
19.4 99.51 -276.75 -23.5 127.87 -281.96 0 0 0 0 0 0 -91.6 143.38 -291.09 0 0 0 0 0 0
19.4 99.51 -276.75 -23.5 127.87 -281.96 0 0 0 0 0 0 -91.6 143.38 -291.09 0 0 0 0 0 0
20.71 97.82 -276.28 -21.61 127.07 -281.76 0 0 0 0 0 0 -89.27 143.09 -290.97 0 0 0 0 0 0
22.5 95.36 -275.6 -18.76 125.96 -281.4 -180.82 151.05 -268.35 0 0 0 -86.41 142.64 -291.09 0 0 0 0 0 0
23.03 94.68 -275.43 -17.99 125.54 -281.07 -179.81 150.88 -268.07 0 0 0 -85.14 142.97 -292.1 0 0 0 0 0 0
24 93.17 -275.32 -16.35 124.88 -280.98 -178.08 151.27 -268.48 0 0 0 -83.85 142.45 -291.06 0 0 0 0 0 0
24.95 91.89 -274.77 -14.91 124.12 -280.73 -175.81 151.73 -267.72 0 0 0 -82.05 142.15 -290.74 0 0 0 0 0 0
26.25 89.71 -274.42 -12.6 123.04 -280.36 -173.54 152.81 -268.05 0 0 0 -79.63 141.96 -290.6 0 0 0 0 0 0
27.32 88.35 -274.26 -11.05 122.34 -280.37 -170.79 152.93 -267.71 0 0 0 -77.57 141.8 -290.81 0 0 0 0 0 0
27.75 87.64 -273.93 -10.14 122.02 -280.18 -170.26 153.19 -268.06 0 0 0 -76.67 141.81 -290.83 0 0 0 0 0 0
28.74 85.9 -273.55 -8.51 120.96 -280 -168.11 153.4 -267.9 0 0 0 -74.79 141.43 -290.92 0 0 0 0 0 0
29.25 85.11 -273.45 -7.61 120.55 -279.69 -166.9 153.56 -267.77 0 0 0 -73.62 141.42 -291.02 0 0 0 0 0 0
30.71 82.63 -272.85 -4.9 119.15 -279.4 -164.29 154.13 -268.32 0 0 0 -70.63 140.93 -290.96 0 0 0 0 0 0
31.75 81 -272.66 -3.23 118.21 -278.99 -161.71 154.26 -268.53 0 0 0 -68.6 140.53 -290.71 0 0 0 0 0 0
31.75 81 -272.66 -3.23 118.21 -278.99 -161.71 154.26 -268.53 0 0 0 -68.6 140.53 -290.71 0 0 0 0 0 0
33.32 78.47 -272.21 -0.51 116.6 -278.57 -158.29 154.76 -268.87 0 0 0 -65.57 139.92 -291.2 0 0 0 0 0 0
34.84 75.87 -271.42 2.13 114.83 -277.91 -154.77 155.37 -268.55 0 0 0 -62.64 139.34 -291.53 0 0 0 0 0 0
35.67 74.23 -271.26 3.53 113.73 -277.73 -152.65 155.51 -268.26 0 0 0 -60.62 138.92 -291.29 0 0 0 0 0 0
37 71.89 -270.77 5.83 112.2 -277.27 -149.56 155.87 -268.36 0 0 0 -58.03 138.43 -291.5 0 0 0 0 0 0
37 71.89 -270.77 5.83 112.2 -277.27 -149.56 155.87 -268.36 0 0 0 -58.03 138.43 -291.5 0 0 0 0 0 0
37.86 69.97 -270.52 7.36 110.76 -276.64 -147.52 155.68 -268.62 0 0 0 -55.78 137.69 -291.39 0 0 0 0 0 0
39.05 68.14 -270.14 9.19 109.38 -276.42 -145.16 155.73 -268.97 0 0 0 -53.57 137.1 -291.57 0 0 0 0 0 0
39.24 67.65 -270.08 9.39 109.01 -276.18 -144.52 156.81 -268.87 0 0 0 -53.21 136.66 -291.31 0 0 0 0 0 0
38.76 67.77 -269.99 8.79 108.96 -275.96 -144.16 157.57 -266.1 0 0 0 -53.87 136.24 -290.85 0 0 0 0 0 0
37.28 68.91 -270.23 6.56 109.37 -275.41 -146.44 157.89 -262.71 0 0 0 -57.1 135.6 -289.53 0 0 0 0 0 0
36.68 69.68 -270.49 5.63 110.09 -275.88 -147 158.48 -261.28 0 0 0 -58.4 135.92 -289.8 0 0 0 0 0 0
36.68 69.68 -270.49 5.63 110.09 -275.88 -147 158.48 -261.28 0 0 0 -58.4 135.92 -289.8 0 0 0 0 0 0
36.58 69.86 -270.43 5.3 110.18 -275.98 -147.39 158.76 -261.26 0 0 0 -58.58 135.94 -289.42 0 0 0 0 0 0
36.39 70.2 -270.53 5.09 110.41 -275.89 -147.74 159.45 -261.38 0 0 0 -58.5 136.34 -289.48 0 0 0 0 0 0
36.34 70.25 -270.68 4.98 110.48 -275.86 -147.88 160.22 -262.05 0 0 0 -58.08 135.93 -289.61 0 0 0 0 0 0
36.15 70.56 -270.67 4.76 110.65 -276.16 -148.02 160.13 -261.51 0 0 0 -58.93 135.93 -289.41 0 0 0 0 0 0
35.44 71.41 -270.87 3.74 111.29 -276.08 -150.66 158.48 -262.24 0 0 0 -59.6 135.96 -289.43 0 0 0 0 0 0
35.57 71.29 -270.92 4.03 111.19 -276.21 -151.61 158.62 -265.01 0 0 0 -59.95 136.15 -289.25 0 0 0 0 0 0
38.06 68.26 -270.88 8.21 109.45 -276.23 -147.61 159.16 -274.95 0 0 0 -55.37 135.74 -291.08 0 0 0 0 0 0
38.57 67.57 -270.68 9.02 108.99 -276.24 -146.67 158.65 -275.35 0 0 0 -54.46 135.48 -291.43 0 0 0 0 0 0
39.22 66.45 -270.57 10.24 108.16 -275.96 -145.17 158.23 -275.28 0 0 0 -52.95 135.26 -291.52 0 0 0 0 0 0
39.86 65.18 -270.46 11.28 107.25 -275.82 -143.84 157.81 -274.66 0 0 0 -51.12 134.92 -291.09 0 0 0 0 0 0
41.05 63.05 -270.13 13.38 105.71 -275.5 -141.52 158.16 -276.28 0 0 0 -48.88 134.37 -291.47 0 0 0 0 0 0
41.05 63.05 -270.13 13.38 105.71 -275.5 -141.52 158.16 -276.28 0 0 0 -48.88 134.37 -291.47 0 0 0 0 0 0
41.76 61.34 -269.96 14.71 104.44 -275.2 -139.95 158.71 -278.34 0 0 0 -47.43 133.42 -291.67 0 0 0 0 0 0
42.56 59.73 -269.86 16.35 103.3 -275.09 -138.22 161.53 -281.39 0 0 0 -45.87 133.04 -291.91 0 0 0 0 0 0
42.56 59.73 -269.86 16.35 103.3 -275.09 -138.22 161.53 -281.39 0 0 0 -45.87 133.04 -291.91 0 0 0 0 0 0
43.07 57.83 -269.63 17.72 102 -274.99 -136.83 159.66 -284.89 0 0 0 -44.11 131.79 -291.14 0 0 0 0 0 0
43.27 56.94 -269.66 18.31 101.46 -274.88 -136.08 159.45 -285.58 0 0 0 -43.44 131.23 -290.73 0 0 0 0 0 0
43.27 56.94 -269.66 18.31 101.46 -274.88 -136.08 159.45 -285.58 0 0 0 -43.44 131.23 -290.73 0 0 0 0 0 0
43.52 56.43 -269.55 18.79 100.97 -274.83 -135.41 159.56 -286.32 0 0 0 -42.7 131 -290.67 0 0 0 0 0 0
43.62 55.9 -269.49 19.17 100.63 -274.73 -135.11 159.01 -285.79 0 0 0 -43.44 131.5 -291.01 0 0 0 0 0 0
44 55.17 -269.27 19.64 99.97 -274.64 -134.79 158.16 -285.86 0 0 0 -42.53 131.08 -290.86 0 0 0 0 0 0
44.25 54.55 -269.3 20.13 99.49 -274.62 -133.93 157.89 -285.76 0 0 0 -41.92 130.95 -290.7 0 0 0 0 0 0
44.55 54.09 -269.3 20.52 98.97 -274.47 -133.52 157.52 -286.24 0 0 0 -40.29 130.39 -290.62 0 0 0 0 0 0
46.53 49.96 -268.61 23.78 95.63 -274.12 -128.45 156.6 -287.59 0 0 0 -36.265 129.76 -290.66 0 0 0 0 0 0
47.79 46.75 -267.85 25.8 93.02 -273.98 -125.2 155.5 -287.26 0 0 0 -32.24 129.14 -290.71 0 0 0 0 0 0
47.79 46.75 -267.85 25.8 93.02 -273.98 -125.2 155.5 -287.26 0 0 0 -32.24 129.14 -290.71 0 0 0 0 0 0
49.28 41.86 -266.79 28.47 89.16 -273.88 -120.51 153.69 -287.65 0 0 0 -27.58 126.71 -289.72 0 0 0 0 0 0
49.76 39 -266.55 29.82 86.92 -273.82 -118.32 153.04 -288.32 0 0 0 -25.35 125.64 -289.39 0 0 0 0 0 0
49.41 35.86 -265.97 31.36 84.43 -272.8 -115.5 151.67 -287.43 0 0 0 -22.65 124.59 -288.9 0 0 0 0 0 0
49.27 34.25 -265.64 32.09 83.03 -271.69 -113.95 151.06 -287.48 0 0 0 -21.24 123.9 -288.62 0 0 0 0 0 0
49.27 33.05 -265.27 32.68 82.08 -271.3 -112.44 150.71 -287.21 0 0 0 -20.1 123.48 -288.36 0 0 0 0 0 0
49.16 32.48 -265.04 32.93 81.56 -270.99 -111.97 150.38 -287.14 0 0 0 -19.67 123.27 -288.65 0 0 0 0 0 0
49.16 32.48 -265.04 32.93 81.56 -270.99 -111.97 150.38 -287.14 0 0 0 -19.67 123.27 -288.65 0 0 0 0 0 0
49.16 32.48 -265.04 32.93 81.56 -270.99 -111.97 150.38 -287.14 0 0 0 -19.67 123.27 -288.65 0 0 0 0 0 0
48.58 29.88 -263.46 32.66 79.07 -269.07 -110.31 147.01 -285.41 0 0 0 -17.39 122.86 -288.03 0 0 0 0 0 0
48.58 29.88 -263.46 32.66 79.07 -269.07 -110.31 147.01 -285.41 0 0 0 -17.39 122.86 -288.03 0 0 0 0 0 0
48.54 29.71 -263.21 32.58 78.94 -268.95 -109.83 146.69 -284.79 0 0 0 -17.07 122.82 -287.96 0 0 0 0 0 0
48.44 29.35 -262.83 32.45 78.56 -268.91 -109.8 146.41 -284.74 0 0 0 -16.6 122.74 -287.94 0 0 0 0 0 0
48.44 29.02 -262.51 32.39 78.12 -268.47 -108.99 146 -283.88 0 0 0 -15.93 122.77 -287.19 0 0 0 0 0 0
48.44 29.02 -262.51 32.39 78.12 -268.47 -108.99 146 -283.88 0 0 0 -15.93 122.77 -287.19 0 0 0 0 0 0
48.32 28.66 -263.01 32.06 77.47 -267.09 -109.04 144.62 -282.86 0 0 0 -15.99 122.93 -287.58 0 0 0 0 0 0
48.15 28.45 -264.06 31.72 76.98 -266.01 -109.62 144.14 -281.78 0 0 0 -16.49 123 -287.17 0 0 0 0 0 0
48.25 28.35 -263.8 31.61 76.84 -265.9 -109.46 144.08 -281.48 0 0 0 -16.48 122.86 -287.11 0 0 0 0 0 0
48.32 28.22 -263.56 31.5 76.78 -266.27 -109.69 143.97 -280.96 0 0 0 -16.39 122.92 -287.38 0 0 0 0 0 0
48.37 28.4 -263.37 31.32 76.96 -266.57 -110.28 143.82 -280.88 0 0 0 -17.21 122.82 -286.45 0 0 0 0 0 0
48.3 29.11 -263.55 30.64 77.56 -267 -111.91 144.15 -279.05 0 0 0 -19.04 122.81 -285.52 0 0 0 0 0 0
48.64 30 -263.31 30.33 78.46 -267.42 -113.33 144.42 -278.28 0 0 0 -18.47 123.86 -285.08 0 0 0 0 0 0
50.62 34.98 -261.46 29.93 81.74 -269.77 -116.49 144.59 -276.48 0 0 0 -24.29 123.31 -286.2 0 0 0 0 0 0
50.88 35.85 -260.93 29.95 82.26 -269.98 -117 144.54 -276.19 0 0 0 -24.43 123.43 -285.16 0 0 0 0 0 0
51.19 37.12 -260.7 29.59 83.18 -270.53 -118.1 145.15 -275.35 0 0 0 -24.99 124.04 -285.39 0 0 0 0 0 0
51.27 38.78 -260.79 28.95 84.55 -271.52 -118.78 146.16 -274.55 0 0 0 -26.15 125.03 -285.73 0 0 0 0 0 0
50.86 41.38 -261.44 27.69 86.51 -272.67 -121.6 146.97 -274.05 0 0 0 -29.41 125.25 -286.11 0 0 0 0 0 0
49.71 43.55 -262.33 26.19 88.45 -273.68 -124.54 147.49 -273.89 0 0 0 -31.37 126.17 -285.57 0 0 0 0 0 0
47.86 48.08 -263.35 23.24 92.25 -275.35 -129.19 147.79 -271.79 0 0 0 -36.18 127.77 -285.41 0 0 0 0 0 0
47.86 48.08 -263.35 23.24 92.25 -275.35 -129.19 147.79 -271.79 0 0 0 -36.18 127.77 -285.41 0 0 0 0 0 0
46.95 49.8 -263.52 22.24 93.81 -276.19 -130.71 147.83 -271.04 0 0 0 -38.07 128.26 -285.68 0 0 0 0 0 0
46.95 49.8 -263.52 22.24 93.81 -276.19 -130.71 147.83 -271.04 0 0 0 -38.07 128.26 -285.68 0 0 0 0 0 0
46.96 49.87 -263.56 22.24 93.85 -276.49 -131.28 147.85 -271.19 0 0 0 -38.06 128.29 -285.61 0 0 0 0 0 0
47.07 49.49 -263.27 22.76 93.64 -276.04 -130.41 147.8 -270.98 0 0 0 -37.4 128.1 -285.85 0 0 0 0 0 0
47.11 49.42 -263.29 22.94 93.62 -276.1 -129.85 147.78 -270.33 0 0 0 -37.45 128.13 -285.45 0 0 0 0 0 0
47.28 48.85 -262.9 23.44 93.24 -276.2 -128.64 147.22 -269.69 0 0 0 -36.56 127.89 -286.39 0 0 0 0 0 0
48.39 45.92 -262.37 25.51 90.79 -275.42 -125.86 146.76 -271.45 0 0 0 -33.44 127.03 -286.41 0 0 0 0 0 0
48.92 44.69 -261.98 26.41 89.7 -275.39 -124.53 146.74 -272.42 0 0 0 -32 126.73 -286.61 0 0 0 0 0 0
49.85 41.74 -260.94 28.28 87.1 -274.75 -121.92 146.94 -274.49 0 0 0 -28.9 125.51 -285.74 0 0 0 0 0 0
49.85 41.74 -260.94 28.28 87.1 -274.75 -121.92 146.94 -274.49 0 0 0 -28.9 125.51 -285.74 0 0 0 0 0 0
50.36 38.41 -259.55 30.32 84.09 -274.26 -118.81 147 -277.23 0 0 0 -25.76 124.51 -286 0 0 0 0 0 0
51.39 32.82 -258.2 33.71 79.44 -273.23 -112.78 146.92 -279.65 0 0 0 -20.11 122.32 -285.55 0 0 0 0 0 0
50.95 35.31 -258.64 32.34 81.52 -273.63 -114.97 146.77 -278.15 0 0 0 -22.35 123.45 -285.91 0 0 0 0 0 0
50.95 35.31 -258.64 32.34 81.52 -273.63 -114.97 146.77 -278.15 0 0 0 -22.35 123.45 -285.91 0 0 0 0 0 0
50.83 32.17 -257.53 34.06 78.77 -273.39 -112.05 146.68 -279.63 0 0 0 -20.07 122.05 -284.95 0 0 0 0 0 0
50.83 32.17 -257.53 34.06 78.77 -273.39 -112.05 146.68 -279.63 0 0 0 -20.07 122.05 -284.95 0 0 0 0 0 0
50.45 32.62 -257.28 33.71 79.04 -273.59 -112.94 146.88 -279.9 0 0 0 -20.28 122.01 -284.75 0 0 0 0 0 0
50.28 32.94 -257.31 33.44 79.28 -273.82 -113.59 147 -279.68 0 0 0 -20.81 121.99 -284.67 0 0 0 0 0 0
49.86 34.8 -257.79 32.25 80.7 -274.66 -116.05 147.32 -279.05 0 0 0 -22.68 122.69 -284.03 0 0 0 0 0 0
49.86 34.8 -257.79 32.25 80.7 -274.66 -116.05 147.32 -279.05 0 0 0 -22.68 122.69 -284.03 0 0 0 0 0 0
49.65 35.42 -257.84 31.84 81.17 -274.69 -116.23 147.3 -278.6 0 0 0 -23.31 122.98 -284.31 0 0 0 0 0 0
49.59 35.48 -257.62 31.84 81.21 -274.9 -116.3 147.43 -278.62 0 0 0 -23.36 123.04 -284.29 0 0 0 0 0 0
49.53 35.68 -257.59 31.84 81.22 -275.29 -116.51 147.74 -278.53 0 0 0 -23.2 122.9 -283.95 0 0 0 0 0 0
49.53 35.68 -257.59 31.84 81.22 -275.29 -116.51 147.74 -278.53 0 0 0 -23.2 122.9 -283.95 0 0 0 0 0 0
49.53 35.68 -257.59 31.84 81.22 -275.29 -116.51 147.74 -278.53 0 0 0 -23.2 122.9 -283.95 0 0 0 0 0 0
49.51 35.34 -256.8 32.26 80.7 -275.35 -115.63 148.14 -278.51 0 0 0 -23.25 122.95 -283.89 0 0 0 0 0 0
49.51 35.34 -256.8 32.26 80.7 -275.35 -115.63 148.14 -278.51 0 0 0 -23.25 122.95 -283.89 0 0 0 0 0 0
49.43 34.65 -256 32.91 79.78 -275.12 -114.23 147.96 -278.38 0 0 0 -21.84 122.21 -284.3 0 0 0 0 0 0
49.49 33.63 -255.31 33.66 78.7 -274.66 -112.51 147.68 -278.87 0 0 0 -20.76 121.89 -285.47 0 0 0 0 0 0
49.57 32.01 -254.19 35.11 77.05 -274.51 -110.13 147.66 -280.64 0 0 0 -18.13 121.1 -284.7 0 0 0 0 0 0
49.57 32.01 -254.19 35.11 77.05 -274.51 -110.13 147.66 -280.64 0 0 0 -18.13 121.1 -284.7 0 0 0 0 0 0
49.29 30.65 -253.08 36.21 75.62 -274.37 -108.39 147.53 -281.97 0 0 0 -16.28 120.55 -284.62 0 0 0 0 0 0
48.9 30.02 -252.2 36.82 74.74 -273.94 -107.2 147.5 -282.73 0 0 0 -15.25 119.97 -284.53 0 0 0 0 0 0
48.49 29.02 -251.55 37.7 73.63 -273.89 -105.73 147.33 -283.5 0 0 0 -13.86 119.7 -284.55 0 0 0 0 0 0
48.26 28.66 -251.16 38.01 73.19 -273.66 -105.17 147.29 -284.01 0 0 0 -13.17 119.5 -284.56 0 0 0 0 0 0
48.14 26.91 -249.1 39.56 70.79 -273.08 -102.3 146.84 -285.28 0 0 0 -10.68 118 -284.3 0 0 0 0 0 0
47.65 26.04 -247.88 40.21 69.66 -272.44 -101.17 146.35 -285.68 0 0 0 -9.63 117.4 -284.04 0 0 0 0 0 0
45.79 23.98 -245.65 41.76 66.91 -271.53 -97.91 145.62 -286.66 0 0 0 -6.82 115.63 -283.76 0 0 0 0 0 0
42.79 21.36 -242.18 44.04 62.77 -269.76 -92.54 144.34 -287.03 0 0 0 -2.68 112.72 -282.52 0 0 0 0 0 0
44.8 23.05 -244.41 42.54 65.53 -271.03 -96.36 145.5 -287.62 0 0 0 -5.45 114.87 -283.25 0 0 0 0 0 0
41.13 19.68 -240.67 45.45 60.12 -268.92 -90.37 143.84 -288.95 0 0 0 -0.11 111.43 -282.68 0 0 0 0 0 0
38.46 18.05 -238.31 46.91 56.73 -267.71 -86.53 142.45 -288.68 0 0 0 2.72 108.74 -281.67 0 0 0 0 0 0
36.91 17.43 -236.92 47.73 54.81 -266.53 -84.38 141.91 -288.54 0 0 0 4.59 107.56 -281.45 0 0 0 0 0 0
35.82 16.87 -235.65 48.38 53.13 -265.89 -82.51 141.48 -288.49 0 0 0 6.08 106.16 -281.24 0 0 0 0 0 0
35.5 16.42 -235.08 48.77 52.28 -265.55 -81.54 141.43 -288.71 0 0 0 6.73 105.85 -281.08 0 0 0 0 0 0
35.26 15.55 -234.24 49.33 50.96 -264.62 -80.04 140.76 -288.43 0 0 0 8.04 104.49 -280.36 0 0 0 0 0 0
35.24 15.17 -233.85 49.64 50.27 -264.28 -79.36 140.69 -288.7 0 0 0 8.4 104.01 -280.63 0 0 0 0 0 0
38.32 11.25 -233.23 50.52 48.69 -263.21 -77.61 140.04 -288.7 0 0 0 9.87 102.9 -279.8 0 0 0 0 0 0
44.34 5.93 -234.37 51.36 47.22 -262.61 -75.86 139.83 -289.09 0 0 0 11.27 101.7 -279.82 0 0 0 0 0 0
45.96 4.58 -234.67 51.6 46.84 -262.57 -75.36 139.72 -288.68 0 0 0 11.26 101.08 -279.39 0 0 0 0 0 0
46.7 4 -235.08 51.51 46.81 -262.5 -75.47 139.55 -288.59 0 0 0 11.17 101.26 -279.02 0 0 0 0 0 0
46.7 4 -235.08 51.51 46.81 -262.5 -75.47 139.55 -288.59 0 0 0 11.17 101.26 -279.02 0 0 0 0 0 0
47.53 8.37 -238.05 48.3 52.27 -264.2 -83.41 139.77 -285.6 0 0 0 5.26 105.12 -279.94 0 0 0 0 0 0
47.35 9.19 -238.84 47.69 53.52 -264.5 -84.73 140.14 -285.86 0 0 0 4.39 105.93 -279.94 0 0 0 0 0 0
47.41 9.77 -238.83 47.37 53.96 -264.54 -85.09 140.31 -285.49 0 0 0 3.91 106.29 -280.04 0 0 0 0 0 0
47.54 10.17 -238.65 47.42 54.15 -264.68 -85.24 140.35 -285.7 0 0 0 3.82 106.38 -280.2 0 0 0 0 0 0
47.54 10.17 -238.65 47.42 54.15 -264.68 -85.24 140.35 -285.7 0 0 0 3.82 106.38 -280.2 0 0 0 0 0 0
46.9 11.01 -240.79 46.28 56.08 -265.37 -88.31 140.99 -285.33 0 0 0 2.07 107.79 -280.51 0 0 0 0 0 0
46.9 11.01 -240.79 46.28 56.08 -265.37 -88.31 140.99 -285.33 0 0 0 2.07 107.79 -280.51 0 0 0 0 0 0
49.08 9.41 -237.93 48.06 53.22 -264.76 -84.03 141.32 -287.12 0 0 0 4.82 105.52 -280.57 0 0 0 0 0 0
52.24 7.4033 -235.88 50.41 47.96 -262.89 -77.26 140.37 -289.42 0 0 0 10.2 101.57 -282.97 0 0 0 0 0 0
55.4 5.3967 -233.83 50.41 47.96 -262.89 -77.26 140.37 -289.42 0 0 0 10.2 101.57 -282.97 0 0 0 0 0 0
58.56 3.39 -231.78 51.84 45.13 -262.01 -72.93 140.07 -290.27 0 0 0 12.88 100.19 -280.05 0 0 0 0 0 0
58.56 3.39 -231.78 51.84 45.13 -262.01 -72.93 140.07 -290.27 0 0 0 12.88 100.19 -280.05 0 0 0 0 0 0
59.05 3.31 -231.27 52 44.73 -261.86 -72.45 139.99 -290.17 0 0 0 13.3 99.98 -280.1 0 0 0 0 0 0
59.59 -0.25 -229.55 53.27 41.35 -260.21 -68.52 139.29 -291.14 0 0 0 16.34 97.5 -279.24 0 0 0 0 0 0
59.31 -2.85 -228.87 53.98 39.28 -258.85 -66.1 138.82 -292.15 0 0 0 18.19 95.93 -278.73 -176.46 162.53 -254.64 0 0 0
58.24 -7.11 -228.67 54.69 36.43 -257.18 -63.04 137.78 -292.07 0 0 0 19.98 93.48 -277.68 -174.55 160.74 -258.98 0 0 0
57.74 -8.5 -228.64 54.99 35.47 -256.65 -62.01 137.5 -292.29 0 0 0 20.93 92.84 -277.27 -174.15 160.42 -260.56 0 0 0
56.85 -11.89 -227.61 55.7 32.65 -254.7 -58.73 136.53 -291.9 0 0 0 23.12 90.31 -276.41 -171.17 159.37 -263.3 0 0 0
56.85 -11.89 -227.61 55.7 32.65 -254.7 -58.73 136.53 -291.9 0 0 0 23.12 90.31 -276.41 -171.17 159.37 -263.3 0 0 0
56.05 -15.41 -225.39 56.61 29.15 -252.79 -54.91 135.56 -291.91 0 0 0 25.64 87.51 -275.22 -167.54 159.04 -264.71 0 0 0
56.05 -15.41 -225.39 56.61 29.15 -252.79 -54.91 135.56 -291.91 0 0 0 25.64 87.51 -275.22 -167.54 159.04 -264.71 0 0 0
55.72 -16.9 -224.18 56.93 27.34 -251.71 -52.9 135.07 -291.88 0 0 0 26.91 86 -274.67 -166.14 158.23 -265.05 0 0 0
54.88 -20.04 -221.66 57.63 23.95 -249.55 -49.14 133.86 -291.61 0 0 0 29.32 82.96 -273.47 -162.21 157.11 -265.77 0 0 0
54.61 -21.067 -220.85 57.91 22.29 -248.64 -47.1 133.43 -291.25 0 0 0 30.43 81.54 -273.02 -160.1 156.45 -265.87 0 0 0
54.34 -22.093 -220.04 57.91 22.29 -248.64 -47.1 133.43 -291.25 0 0 0 30.43 81.54 -273.02 -160.1 156.45 -265.87 0 0 0
54.07 -23.12 -219.23 58.36 20.53 -247.42 -45.24 132.87 -291.49 0 0 0 31.61 79.85 -272.39 -158.48 155.52 -265.95 0 0 0
53.38 -24.4 -217.67 58.69 18.83 -246.52 -43.16 132.32 -290.79 0 0 0 32.69 78.29 -271.73 -156.38 154.76 -266.15 0 0 0
52.11 -25.11 -215.61 59.03 17.14 -245.42 -41.37 131.78 -290.9 0 0 0 33.76 76.77 -271.37 -154.45 154.03 -266 0 0 0
51.49 -25.32 -214.49 59.11 16.43 -244.92 -40.48 131.5 -290.78 0 0 0 33.9 76.09 -272.72 -153.46 153.68 -266.17 0 0 0
50.12 -24.88 -209.8 59.57 13.93 -243.09 -37.64 130.57 -290.53 0 0 0 35.51 73.59 -269.9 -149.94 153.48 -264.54 0 0 0
49.91 -24.24 -207.52 59.73 13.02 -242.4 -36.89 130.22 -290.24 0 0 0 35.97 72.6 -269.53 -148.88 154.19 -264.65 0 0 0
49.78 -22.65 -204.42 59.85 12 -241.64 -35.79 129.65 -290.18 0 0 0 36.38 71.6 -268.55 -147.7 154.59 -264.96 0 0 0
49.78 -22.65 -204.42 59.85 12 -241.64 -35.79 129.65 -290.18 0 0 0 36.38 71.6 -268.55 -147.7 154.59 -264.96 0 0 0
49.16 -22.04 -203.22 59.9 11.41 -241.21 -35.21 129.37 -290.05 0 0 0 36.71 70.81 -268.9 -147.03 154.19 -264.67 0 0 0
48.41 -21.61 -202.37 59.94 10.86 -240.97 -34.86 129.08 -289.75 0 0 0 36.87 70.35 -268.58 -146.7 153.97 -264.69 0 0 0
47.93 -21.34 -202.04 59.96 10.61 -240.76 -34.6 128.94 -289.7 0 0 0 37.03 70.07 -268.43 -146.3 153.72 -264.57 0 0 0
47.93 -21.34 -202.04 59.96 10.61 -240.76 -34.6 128.94 -289.7 0 0 0 37.03 70.07 -268.43 -146.3 153.72 -264.57 0 0 0
45.65 -19.92 -199.9 60.09 8.99 -239.87 -32.89 128.35 -289.47 0 0 0 37.88 68.56 -267.93 -144.62 153.28 -265.35 0 0 0
44.74 -19.85 -199.49 60.035 8.2 -239.41 -32.27 128.02 -289.15 0 0 0 38.16 67.96 -267.52 -144.23 152.52 -265.79 0 0 0
43.07 -20.32 -199.39 59.98 7.41 -238.95 -31.31 127.81 -289.19 0 0 0 38.61 66.9 -267.17 -143.43 150.77 -266.05 0 0 0
42.36 -20.84 -199.39 60.21 6.9 -238.58 -30.78 127.62 -289.27 0 0 0 38.84 66.34 -266.93 -142.7 150 -265.97 0 0 0
41.96 -21.12 -199.44 60.11 6.54 -238.43 -30.57 127.41 -288.99 0 0 0 38.88 66.15 -266.67 -142.73 149.83 -266.67 0 0 0
41.66 -21.47 -199.52 60.07 6.26 -238.38 -30.23 127.23 -288.83 0 0 0 39.09 66 -266.57 -142.5 149.56 -267.13 0 0 0
41.26 -21.77 -199.41 60.17 5.94 -238.27 -29.94 127.18 -288.87 0 0 0 39.21 65.53 -266.67 -142.07 149.14 -266.9 0 0 0
39.16 -24.16 -200.14 60.35 3.98 -236.94 -27.94 126.31 -288.85 0 0 0 40.17 63.67 -265.65 -139.88 148.17 -267.7 0 0 0
39.16 -24.16 -200.14 60.35 3.98 -236.94 -27.94 126.31 -288.85 0 0 0 40.17 63.67 -265.65 -139.88 148.17 -267.7 0 0 0
38.33 -25.07 -200.2 60.51 3.35 -236.41 -27.28 126 -288.64 0 0 0 40.51 63.04 -265.62 -139.23 147.7 -267.71 0 0 0
37.55 -25.34 -200.41 60.6 2.83 -235.87 -26.56 125.69 -288.7 0 0 0 40.83 62.35 -265.13 -138.89 147.19 -268.28 0 0 0
37.28 -25.51 -200.31 60.57 2.33 -235.69 -26 125.58 -288.65 0 0 0 41.08 62.03 -265.09 -138.32 147.16 -268.85 0 0 0
36.95 -25.73 -199.84 60.75 1.6 -235.15 -25.04 125.27 -288.55 0 0 0 41.49 61.24 -264.76 -137.22 147.1 -269.3 0 0 0
36.56 -25.93 -198.67 61.19 0.52 -234.12 -23.62 124.57 -288.37 0 0 0 42.22 59.91 -264.4 -135.67 147.4 -269.72 0 0 0
36.54 -26.1 -198 61.27 -0.04 -234 -22.97 124.44 -288.3 0 0 0 42.47 59.38 -264.01 -135.13 147.99 -270.26 0 0 0
36.54 -26.1 -198 61.27 -0.04 -234 -22.97 124.44 -288.3 0 0 0 42.47 59.38 -264.01 -135.13 147.99 -270.26 0 0 0
36.54 -26.1 -198 61.27 -0.04 -234 -22.97 124.44 -288.3 0 0 0 42.47 59.38 -264.01 -135.13 147.99 -270.26 0 0 0
36.95 -25.82 -196.98 61.61 -0.51 -233.41 -22.9 124.13 -288.17 0 0 0 42.53 58.78 -263.56 -135.18 148.01 -270 0 0 0
36.95 -25.82 -196.98 61.61 -0.51 -233.41 -22.9 124.13 -288.17 0 0 0 42.53 58.78 -263.56 -135.18 148.01 -270 0 0 0
37 -25.94 -196.98 61.47 -0.5 -233.57 -22.87 124.07 -288.06 0 0 0 42.51 58.71 -263.65 -135.05 147.94 -270.21 0 0 0
37.02 -25.85 -197.09 61.49 -0.55 -233.51 -22.9 124 -287.95 0 0 0 42.37 58.78 -263.7 -135.61 147.67 -269.79 0 0 0
37.25 -25.7 -196.73 61.58 -0.62 -233.44 -23.19 123.81 -287.65 0 0 0 42.49 58.74 -263.69 -135.38 147.78 -269.85 0 0 0
37.33 -25.63 -196.72 61.58 -0.63 -233.41 -23.21 123.8 -287.59 0 0 0 42.46 58.73 -263.67 -135.41 147.8 -269.86 0 0 0
36.94 -26.18 -196.56 61.65 -0.81 -233.22 -22.06 123.55 -288 0 0 0 43.06 58.11 -263.61 -133.84 147.67 -270.6 0 0 0
36.81 -26.31 -197.02 61.63 -0.9 -233.15 -22.84 123.42 -287.62 0 0 0 42.67 58.4 -263.66 -134.81 146.57 -270.42 0 0 0
36.81 -26.31 -197.02 61.63 -0.9 -233.15 -22.84 123.42 -287.62 0 0 0 42.67 58.4 -263.66 -134.81 146.57 -270.42 0 0 0
36.69 -26.63 -198.08 61.57 -0.62 -233.59 -24.3 123.44 -287.02 0 0 0 42.57 58.35 -263.66 -136.6 144.97 -269.1 0 0 0
36.45 -25.9 -199.22 61.18 0.87 -234.14 -26.53 123.94 -286.63 0 0 0 40.55 59.99 -263.85 -138.7 144.92 -267.26 0 0 0
36.42 -25.89 -199.69 61.05 1.3 -234.42 -27.05 124.14 -286.76 0 0 0 40.25 60.46 -264.17 -139.3 144.97 -266.79 0 0 0
36.36 -25.6 -200.06 60.93 1.62 -234.74 -27.65 124.32 -286.75 0 0 0 40.01 60.86 -264.17 -140.08 145.3 -266.45 0 0 0
36.99 -24.7 -200.99 60.75 3.43 -235.63 -29.81 124.91 -286.82 0 0 0 39.08 62.28 -264.52 -140.8 149.02 -263.78 0 0 0
37.18 -24.88 -201.09 60.76 3.73 -235.74 -29.95 124.96 -286.68 0 0 0 39 62.76 -264.63 -140.74 150.18 -263.42 0 0 0
37.68 -25.51 -201.68 60.58 4.08 -235.9 -30.36 125.08 -286.86 0 0 0 38.89 63.13 -264.76 -140.94 151.49 -263.07 0 0 0
38.35 -26.24 -202.04 60.49 4.42 -236.07 -30.72 125.21 -286.79 0 0 0 38.6 63.56 -265.15 -140.97 151.93 -262.78 0 0 0
37.97 -26.09 -202.05 60.57 4.26 -236.14 -30.52 125.09 -286.61 0 0 0 38.73 63.36 -265.1 -141.09 151.61 -263.01 0 0 0
39.73 -26.11 -202.38 60.13 5.78 -236.62 -32.19 125.6 -286.82 0 0 0 37.99 64.71 -265.89 -142.98 152.58 -263.13 0 0 0
39.73 -26.11 -202.38 60.13 5.78 -236.62 -32.19 125.6 -286.82 0 0 0 37.99 64.71 -265.89 -142.98 152.58 -263.13 0 0 0
41.16 -26.9 -201.58 60.31 5.66 -236.64 -31.64 125.53 -286.96 0 0 0 38.35 64.57 -266.02 -143.58 153.09 -265.65 0 0 0
41.16 -26.9 -201.58 60.31 5.66 -236.64 -31.64 125.53 -286.96 0 0 0 38.35 64.57 -266.02 -143.58 153.09 -265.65 0 0 0
42 -27.09 -201.48 60.24 5.63 -236.75 -31.73 125.67 -286.9 0 0 0 38.21 64.6 -265.98 -143.74 153.06 -265.58 0 0 0
42.25 -27.23 -201.3 60.29 5.64 -236.77 -31.83 125.65 -287.11 0 0 0 38.33 64.6 -266.09 -143.37 152.98 -265.6 0 0 0
42.34 -27.38 -201.1 60.31 5.6 -236.77 -31.72 125.64 -287.12 0 0 0 38.41 64.55 -266.13 -143.27 152.88 -265.7 0 0 0
42.51 -27.71 -200.69 60.38 5.49 -236.69 -30.61 125.46 -287.24 0 0 0 38.59 64.41 -266.17 -142.34 152.4 -265.82 0 0 0
42.78 -28.55 -199.39 60.83 3.75 -235.37 -28.64 125.09 -287.22 0 0 0 40.02 62.68 -265.65 -140.86 151.65 -267.23 0 0 0
42.82 -28.84 -199.28 60.77 3.56 -235.15 -28.36 125.02 -287.22 0 0 0 40.25 62.41 -265.55 -140.65 151.49 -267.34 0 0 0
42.82 -29.06 -199.17 60.98 3.41 -235.02 -28.1 124.95 -287.34 0 0 0 40.42 62.13 -265.54 -140.25 151.52 -267.38 0 0 0
42.96 -29.36 -199.15 61.13 3.04 -234.99 -27.79 124.82 -287.28 0 0 0 40.5 61.96 -265.49 -139.94 151.2 -266.95 0 0 0
42.98 -29.12 -199.01 61.01 3.28 -235.09 -28.05 124.86 -287.28 0 0 0 40.45 62.15 -265.56 -139.91 151.3 -266.76 0 0 0
42.99 -29.17 -198.99 61.02 3.2 -235.05 -27.95 124.81 -287.21 0 0 0 40.48 62.08 -265.52 -140.13 151.42 -266.63 0 0 0
42.99 -29.24 -199.06 61.05 3.17 -235.01 -27.91 124.78 -287.17 0 0 0 40.5 62.03 -265.49 -139.98 151.48 -266.44 0 0 0
42.81 -28.58 -199 60.99 3.2 -235.05 -28.06 124.77 -287.09 0 0 0 40.39 62.09 -265.43 -140.55 151.53 -266.33 0 0 0
42.81 -28.58 -199 60.99 3.2 -235.05 -28.06 124.77 -287.09 0 0 0 40.39 62.09 -265.43 -140.55 151.53 -266.33 0 0 0
41.12 -27.2 -197.49 61.4 2.19 -234.71 -26.66 124.55 -287.13 0 0 0 40.97 61.04 -265.12 -138.59 151.6 -267.48 0 0 0
41.12 -27.2 -197.49 61.4 2.19 -234.71 -26.66 124.55 -287.13 0 0 0 40.97 61.04 -265.12 -138.59 151.6 -267.48 0 0 0
40.88 -27.07 -197.3 61.52 1.85 -234.34 -26.35 124.4 -287.37 0 0 0 41.17 60.76 -265.01 -138.23 151.71 -268.11 0 0 0
40.74 -27.09 -197.07 61.48 1.55 -234.23 -25.75 124.21 -287.37 0 0 0 41.35 60.5 -264.74 -137.54 151.87 -268.42 0 0 0
40.74 -27.09 -197.07 61.48 1.55 -234.23 -25.75 124.21 -287.37 0 0 0 41.35 60.5 -264.74 -137.54 151.87 -268.42 0 0 0
40.62 -27.22 -196.77 61.41 1.13 -233.81 -25.34 124.06 -287.48 0 0 0 41.61 60.06 -264.62 -137.21 151.79 -268.67 0 0 0
40.59 -27.12 -196.54 61.61 1.13 -233.75 -25.75 124.24 -287.41 0 0 0 41.77 60.01 -264.56 -137.72 151.85 -268.52 0 0 0
40.58 -27.17 -196.59 61.57 1.36 -234.06 -25.58 124.18 -287.43 0 0 0 41.83 59.81 -264.65 -137.52 151.84 -268.63 0 0 0
40.59 -27.15 -196.63 61.6 1.24 -234 -25.42 124.12 -287.44 0 0 0 41.83 59.82 -264.55 -137.33 151.83 -268.72 0 0 0
40.48 -27.16 -196.39 61.61 1.05 -233.89 -25.17 124.07 -287.42 0 0 0 41.7 60 -264.65 -136.79 151.76 -269.03 0 0 0
40.45 -27.34 -196.13 61.65 0.85 -233.71 -24.85 123.98 -287.47 0 0 0 41.88 59.78 -264.54 -136.7 151.58 -270.5 0 0 0
40.68 -28.3 -195.53 61.83 -0.37 -232.74 -22.48 123.57 -287.73 0 0 0 43.11 58.51 -264.33 -135.31 151.22 -273.5 0 0 0
40.72 -28.5 -195.2 61.83 -0.57 -232.73 -22.09 123.49 -287.68 0 0 0 43.17 58.36 -264.07 -135.08 151.25 -274.01 0 0 0
40.85 -28.73 -195.06 62.02 -0.86 -232.59 -21.84 123.47 -287.92 0 0 0 43.4 58.01 -264.21 -134.81 150.97 -274.21 0 0 0
41.08 -29.97 -194.64 62.05 -1.73 -232.03 -20.81 123.13 -287.74 0 0 0 43.98 57.2 -264.07 -134.16 149.86 -275.56 0 0 0
41.4 -30.95 -194.57 62.02 -2.07 -231.77 -20.32 122.83 -287.81 0 0 0 44.24 56.92 -263.64 -133.94 149.4 -276.14 0 0 0
41.4 -30.95 -194.57 62.02 -2.07 -231.77 -20.32 122.83 -287.81 0 0 0 44.24 56.92 -263.64 -133.94 149.4 -276.14 0 0 0
41.85 -31.89 -194.27 62.21 -2.38 -231.39 -20.5 122.91 -287.85 0 0 0 44.54 56.46 -263.56 -133.45 148.93 -276.07 0 0 0
41.85 -31.89 -194.27 62.21 -2.38 -231.39 -20.5 122.91 -287.85 0 0 0 44.54 56.46 -263.56 -133.45 148.93 -276.07 0 0 0
41.87 -32.01 -194.31 62.12 -2.1 -231.76 -20.33 122.84 -287.81 0 0 0 44.56 56.43 -263.48 -133.24 148.71 -275.66 0 0 0
41.87 -32.01 -194.31 62.12 -2.1 -231.76 -20.33 122.84 -287.81 0 0 0 44.56 56.43 -263.48 -133.24 148.71 -275.66 0 0 0
40.86 -33.26 -194.31 62.07 -3.24 -230.62 -19.49 122.48 -287.66 0 0 0 45.1 55.56 -263.42 -132.1 147.77 -275.1 0 0 0
40.6 -33.56 -194.6 62.16 -3.47 -230.43 -19.31 122.39 -287.63 0 0 0 45.13 55.36 -263.03 -131.85 147.53 -275.02 0 0 0
39.11 -34.34 -194.82 62.32 -4.41 -229.6 -17.01 121.69 -287.54 0 0 0 45.78 54.37 -262.66 -130.46 146.94 -275.81 0 0 0
39.11 -34.34 -194.82 62.32 -4.41 -229.6 -17.01 121.69 -287.54 0 0 0 45.78 54.37 -262.66 -130.46 146.94 -275.81 0 0 0
38.24 -34.59 -194.38 62.43 -5.26 -228.85 -15.97 121.33 -287.48 0 0 0 46.31 53.04 -262.46 -129.31 146.79 -277.16 0 0 0
37.68 -34.8 -193.64 62.6 -5.82 -228.28 -14.65 120.92 -287.55 0 0 0 46.84 52.58 -262.03 -128.23 146.36 -277.77 0 0 0
37.26 -34.96 -193.23 62.52 -6.74 -227.52 -13.61 120.49 -287.43 0 0 0 47.34 51.76 -261.69 -126.93 146.25 -278.36 0 0 0
37 -35.03 -192.51 62.77 -7.42 -227.03 -12.58 120.26 -287.45 0 0 0 47.83 51.07 -261.31 -125.95 146.32 -279.29 0 0 0
36.84 -35.09 -192.03 62.75 -7.81 -226.77 -12.22 119.98 -287.37 0 0 0 48.06 50.66 -261.27 -125.38 146.19 -279.41 0 0 0
36.63 -35.29 -191.27 62.73 -8.46 -226.04 -11.24 119.5 -287.04 0 0 0 48.4 49.89 -260.88 -124.09 146.11 -279.65 0 0 0
36.32 -35.62 -190.71 62.67 -9.28 -225.8 -10.42 119.2 -287.07 0 0 0 48.84 49.21 -260.52 -123.46 146.3 -280.18 0 0 0
35.45 -36.41 -190.26 62.41 -10.47 -224.94 -8.9 118.43 -287.1 0 0 0 49.5 48.02 -260.05 -121.84 145.85 -281.43 0 0 0
35.01 -36.61 -190.16 62.21 -10.81 -224.63 -8.52 118.19 -287.22 0 0 0 49.64 47.55 -259.98 -121.32 145.71 -281.97 0 0 0
34.16 -37.09 -189.82 62.28 -11.41 -223.98 -7.38 117.69 -287.4 0 0 0 50.09 46.75 -259.65 -120.31 145.6 -283.3 0 0 0
33.38 -37.7 -189.82 62.07 -12.14 -223.28 -6.71 117.18 -287.36 0 0 0 50.39 46.06 -259.14 -118.55 144.79 -282.64 0 0 0
33.38 -37.7 -189.82 62.07 -12.14 -223.28 -6.71 117.18 -287.36 0 0 0 50.39 46.06 -259.14 -118.55 144.79 -282.64 0 0 0
32.53 -38.21 -189.54 62.04 -12.74 -222.52 -6 116.64 -287.07 0 0 0 50.71 45.12 -258.81 -118.79 144.98 -284.58 0 0 0
31.05 -39.79 -189.02 61.76 -14.15 -220.54 -4.02 115.39 -286.61 0 0 0 51.57 43.61 -257.39 -117.17 143.69 -286.66 0 0 0
30.7 -40.65 -188.42 61.3 -14.62 -219.92 -3.56 114.95 -286.57 0 0 0 51.66 42.64 -257.45 -116.53 143.25 -287.37 0 0 0
30.56 -41.18 -188.29 61.1 -14.89 -219.61 -3.28 114.78 -286.47 0 0 0 51.77 42.47 -257.41 -116.31 142.99 -287.61 0 0 0
30.3 -41.71 -188.11 60.82 -15.11 -219.37 -3.02 114.58 -286.22 0 0 0 51.89 42.16 -257.17 -115.93 142.77 -287.81 0 0 0
29.33 -43.65 -187.13 59.73 -16.21 -218.14 -1.85 113.87 -286.13 0 0 0 52.22 40.98 -256.45 -114.62 142.28 -288.28 0 0 0
28.23 -45.57 -186.49 58.48 -17.06 -217.01 -0.84 113.21 -286.21 0 0 0 52.63 39.94 -256.06 -113.6 141.92 -289.02 0 0 0
27.74 -46.06 -186.26 58 -17.3 -216.39 -0.48 113 -286.08 0 0 0 52.55 39.6 -255.62 -113.07 141.79 -289.22 0 0 0
26.91 -47.43 -185.86 57.08 -17.94 -215.7 0.36 112.43 -286.13 0 0 0 52.74 38.97 -255.13 -112.05 141.3 -290.02 0 0 0
26.39 -48.2 -185.73 56.66 -18.16 -215.04 0.77 111.9 -286.17 0 0 0 52.96 38.47 -254.95 -111.66 140.95 -290.67 0 0 0
25.34 -49.25 -184.85 55.6 -18.71 -213.68 1.69 111.22 -286.33 0 0 0 53.07 37.71 -253.89 -110.8 140.21 -292.26 0 0 0
25.34 -49.25 -184.85 55.6 -18.71 -213.68 1.69 111.22 -286.33 0 0 0 53.07 37.71 -253.89 -110.8 140.21 -292.26 0 0 0
23.01 -51.37 -182.5 52.95 -19.51 -210.38 3.12 109.56 -286.23 0 0 0 53.05 35.92 -252.25 -108.88 138.98 -294.19 0 0 0
23.35 -51.01 -183.06 53.48 -19.28 -211.03 2.98 109.75 -286.31 0 0 0 53.03 36.25 -252.53 -109.14 138.91 -294.14 0 0 0
22.32 -51.93 -181.44 52.25 -19.92 -209.51 3.59 109.03 -285.86 0 0 0 53.07 35.32 -251.66 -108.07 138.9 -293.44 0 0 0
22.16 -52.19 -181.19 51.99 -20.05 -209.08 3.78 108.86 -285.88 0 0 0 53.1 35.09 -251.42 -108.01 138.87 -293.38 0 0 0
21.89 -52.76 -180.51 51.5 -20.53 -208.44 4.19 108.47 -285.17 0 0 0 53.15 34.5 -251.05 -107.06 139.14 -292.6 0 0 0
22.14 -52.75 -180.15 51.25 -20.33 -208.26 3.51 108.32 -284.9 0 0 0 52.81 34.59 -250.86 -108.43 138.69 -291.64 0 0 0
22.37 -52.62 -179.96 51.22 -20.07 -208.37 2.34 108.46 -284.59 0 0 0 52.24 34.9 -250.84 -109.49 138.47 -290.49 0 0 0
24.7 -49.82 -180.25 51.88 -16.86 -210.19 -2.72 110.36 -284.43 0 0 0 50.45 37.84 -252.71 -115.01 140.92 -285.18 0 0 0
25 -48.21 -180.14 51.71 -15.99 -211.57 -3.99 111.95 -281.85 0 0 0 49.53 38.85 -254.11 -116.64 143.53 -280.03 0 0 0
25.75 -48.52 -181.2 51.9 -15.61 -212.25 -5.01 112.27 -283.05 0 0 0 49.27 39.41 -254.36 -116.9 143.97 -278.66 0 0 0
26.74 -47.62 -181.49 52.11 -14.62 -213.17 -6.25 113.1 -283.11 0 0 0 48.78 40.71 -255.01 -118.81 144.67 -278.7 0 0 0
26.74 -47.62 -181.49 52.11 -14.62 -213.17 -6.25 113.1 -283.11 0 0 0 48.78 40.71 -255.01 -118.81 144.67 -278.7 0 0 0
26.76 -47.36 -181.59 52.12 -14.5 -213.25 -6.34 113.09 -282.96 0 0 0 48.79 40.83 -255.11 -119.33 144.93 -279.64 0 0 0
26.24 -47.63 -180.79 52.03 -15.02 -212.92 -5.03 112.73 -283.27 0 0 0 49.31 40.17 -254.77 -118.14 146.02 -282.02 0 0 0
25.73 -48.53 -181.08 51.69 -15.71 -212.43 -4.12 112.24 -282.83 0 0 0 49.61 39.49 -254.71 -117.18 146.8 -283.35 0 0 0
25.4 -49.49 -181.57 51.52 -15.97 -211.71 -3.56 112.06 -283.06 0 0 0 49.89 38.97 -254.51 -116.45 147.16 -283.8 0 0 0
25.31 -49.91 -181.93 51.28 -15.96 -211.47 -3.51 112.05 -282.92 0 0 0 49.78 38.81 -254.19 -116.49 147.27 -283.95 0 0 0
25.07 -50.11 -182.19 51.11 -15.78 -211.3 -3.6 112.07 -282.62 0 0 0 49.69 39.02 -254.07 -116.85 147.53 -284.34 0 0 0
25.07 -50.11 -182.19 51.11 -15.78 -211.3 -3.6 112.07 -282.62 0 0 0 49.69 39.02 -254.07 -116.85 147.53 -284.34 0 0 0
24.04 -53 -183.48 49.3 -15.89 -209.07 -2.46 111.48 -282.76 0 0 0 49.89 37.97 -253.39 -115.62 146 -285.69 0 0 0
23.94 -54.63 -183.69 48.08 -15.94 -207.94 -1.95 111.18 -282.67 0 0 0 49.87 37.53 -253.1 -115.2 144.52 -287.08 0 0 0
23.89 -54.73 -183.68 47.84 -15.83 -207.77 -1.86 111.12 -282.52 0 0 0 49.74 37.53 -252.62 -115.32 144.09 -287.32 0 0 0
23.96 -55.27 -183.9 47.38 -15.79 -207.54 -2.24 111.34 -282.62 0 0 0 49.77 37.46 -252.43 -115.14 143.82 -287.47 0 0 0
24.08 -55.76 -184.07 46.72 -15.71 -207.37 -2.07 111.25 -282.47 0 0 0 49.52 37.45 -252.51 -115.37 143.02 -288.01 0 0 0
24.46 -56.75 -184.39 45.89 -15.56 -207.03 -2 111.19 -282.33 0 0 0 49.31 37.62 -251.93 -115.64 142.2 -288.55 0 0 0
24.88 -57.36 -184.44 45.14 -15.5 -206.75 -2.01 111.18 -282.23 0 0 0 49.02 37.45 -252.2 -115.9 141.48 -289 0 0 0
25.32 -58.59 -185.02 44.31 -15.56 -206.7 -2.06 111.19 -282.14 0 0 0 48.79 37.62 -251.85 -116.24 140.92 -289.14 0 0 0
25.32 -58.59 -185.02 44.31 -15.56 -206.7 -2.06 111.19 -282.14 0 0 0 48.79 37.62 -251.85 -116.24 140.92 -289.14 0 0 0
25.32 -58.59 -185.02 44.31 -15.56 -206.7 -2.06 111.19 -282.14 0 0 0 48.79 37.62 -251.85 -116.24 140.92 -289.14 0 0 0
27.2 -59.72 -185.4 42.64 -14.97 -207.14 -2.71 111.56 -282.2 0 0 0 48.13 38.17 -252.28 -117.38 139.98 -289.56 0 0 0
27.32 -59.73 -185.29 42.49 -14.97 -207.06 -2.82 111.63 -282.19 0 0 0 48.02 38.22 -252.13 -117.6 140 -289.8 0 0 0
27.87 -59.8 -184.98 42.63 -14.96 -207.06 -3.26 111.94 -282.3 0 0 0 48.16 38.16 -252.13 -117.32 139.65 -289.54 0 0 0
27.87 -59.8 -184.98 42.63 -14.96 -207.06 -3.26 111.94 -282.3 0 0 0 48.16 38.16 -252.13 -117.32 139.65 -289.54 0 0 0
28.18 -60.12 -184.95 42.39 -14.97 -207.23 -3.42 112.03 -282.37 0 0 0 48.03 38.21 -252.2 -117.38 139.67 -289.06 0 0 0
28.48 -60.16 -184.42 42.23 -15.03 -207.35 -3.45 112.06 -282.44 0 0 0 47.98 38.21 -252.17 -117.09 139.78 -287.55 0 0 0
28.62 -60.05 -184.32 42.15 -15.05 -207.34 -3.45 112.07 -282.47 0 0 0 47.97 38.2 -252.17 -117.05 139.92 -287.12 0 0 0
28.82 -60.14 -184.16 42.07 -15.07 -207.37 -3.43 112.05 -282.47 0 0 0 47.96 38.2 -252.15 -117.08 139.96 -286.56 0 0 0
29.36 -60.37 -184.11 41.74 -15.26 -207.59 -3.27 112.17 -282.92 0 0 0 47.68 38.21 -252.02 -116.92 141.22 -284.2 0 0 0
29.57 -60.48 -184.17 41.18 -15.44 -208.08 -3.46 112.21 -282.86 0 0 0 47.69 38.22 -252.13 -117.01 141.67 -283.25 0 0 0
29.57 -60.48 -184.17 41.18 -15.44 -208.08 -3.46 112.21 -282.86 0 0 0 47.69 38.22 -252.13 -117.01 141.67 -283.25 0 0 0
29.57 -60.48 -184.17 41.18 -15.44 -208.08 -3.46 112.21 -282.86 0 0 0 47.69 38.22 -252.13 -117.01 141.67 -283.25 0 0 0
30.68 -60.24 -183.53 40.26 -15.57 -209.23 -4.2 112.44 -282.61 0 0 0 47.47 38.56 -252.89 -117.94 142.35 -282.74 0 0 0
30.68 -60.24 -183.53 40.26 -15.57 -209.23 -4.2 112.44 -282.61 0 0 0 47.47 38.56 -252.89 -117.94 142.35 -282.74 0 0 0
30.68 -60.24 -183.53 40.26 -15.57 -209.23 -4.2 112.44 -282.61 0 0 0 47.47 38.56 -252.89 -117.94 142.35 -282.74 0 0 0
31.1 -60.1 -183.49 39.62 -15.73 -209.67 -4.11 112.42 -282.77 0 0 0 47.2 38.57 -252.81 -118.29 141.37 -283.01 0 0 0
31.83 -59.72 -183.36 38.69 -16.08 -210.82 -4.54 112.58 -282.63 0 0 0 46.6 38.88 -253.09 -119.23 139.89 -283.18 0 0 0
32.18 -59.66 -183.08 38.26 -16.33 -211.52 -4.85 112.71 -282.48 0 0 0 46.43 39.1 -253.38 -120.13 139.19 -284.47 0 0 0
32.6 -59.4 -182.79 38.14 -16.74 -212.05 -5.18 112.85 -282.25 0 0 0 46.27 38.95 -253.22 -119.94 138.52 -284.69 0 0 0
32.6 -59.4 -182.79 38.14 -16.74 -212.05 -5.18 112.85 -282.25 0 0 0 46.27 38.95 -253.22 -119.94 138.52 -284.69 0 0 0
32.8 -59.27 -182.38 38.17 -16.94 -212.67 -5.51 113.03 -282.12 0 0 0 46.15 39.08 -253.41 -119.87 138.29 -284.06 0 0 0
33 -58.71 -182.14 38.14 -17.08 -213.07 -5.7 113.12 -282.12 0 0 0 45.96 39.06 -253.6 -119.81 137.98 -283.09 0 0 0
33.05 -58.54 -181.91 38.15 -17.32 -213.08 -5.72 113.14 -282.16 0 0 0 45.96 38.99 -253.5 -120.06 137.99 -283.18 0 0 0
33.03 -58.76 -181.83 38.19 -17.4 -213.15 -5.71 113.17 -282.2 0 0 0 45.95 39.01 -253.56 -119.84 137.91 -283.1 0 0 0
33.03 -58.76 -181.83 38.19 -17.4 -213.15 -5.71 113.17 -282.2 0 0 0 45.95 39.01 -253.56 -119.84 137.91 -283.1 0 0 0
33.11 -58.75 -181.77 38.16 -17.64 -213.31 -5.3 113.05 -282.64 0 0 0 46.05 38.85 -253.46 -118.88 137.64 -282.81 0 0 0
33.11 -58.75 -181.77 38.16 -17.64 -213.31 -5.3 113.05 -282.64 0 0 0 46.05 38.85 -253.46 -118.88 137.64 -282.81 0 0 0
32.87 -59.38 -180.76 38.2 -18.55 -212.79 -2.89 112.61 -283.44 0 0 0 46.8 37.68 -253.08 -116.22 138.38 -283.08 0 0 0
32.84 -59.36 -180.43 38.18 -18.28 -212.86 -2.89 112.48 -283.2 0 0 0 46.78 37.45 -253.01 -116.45 138.26 -284.48 0 0 0
32.87 -59.3 -180.26 38.21 -18.55 -212.76 -2.9 112.27 -282.92 0 0 0 46.84 37.38 -252.9 -116.73 138.1 -286.09 0 0 0
32.88 -59.51 -180.21 38.22 -18.79 -212.67 -3.18 112.27 -282.64 0 0 0 46.79 37.53 -253 -117.26 138.45 -287.3 0 0 0
32.95 -59.2 -180.14 38.22 -18.87 -212.63 -3.24 112.28 -282.52 0 0 0 46.79 37.46 -252.98 -117.52 138.53 -287.85 0 0 0
33.2 -58.91 -179.91 38.25 -18.97 -212.6 -3.84 112.46 -282.09 0 0 0 46.72 37.42 -252.94 -117.84 138.45 -287.94 0 0 0
33.43 -58.45 -179.51 38.4 -18.33 -212.33 -4.33 112.54 -282.24 0 0 0 46.21 37.82 -253.04 -118.89 138 -287.54 0 0 0
33.43 -58.45 -179.51 38.4 -18.33 -212.33 -4.33 112.54 -282.24 0 0 0 46.21 37.82 -253.04 -118.89 138 -287.54 0 0 0
33.51 -58.17 -179.26 38.5 -18.02 -212.28 -4.34 112.68 -282.48 0 0 0 46.1 37.9 -253.05 -118.81 137.8 -286.42 0 0 0
33.83 -57.73 -179.03 38.44 -17.65 -211.85 -4.4 112.62 -282.29 0 0 0 45.65 38.23 -253.16 -119.13 137.37 -283.32 0 0 0
34.08 -57.03 -179.22 38.31 -16.87 -211.99 -6.06 113.3 -282.41 0 0 0 45.04 38.75 -253.48 -120.06 137.29 -280.63 0 0 0
34.3 -56.33 -180.07 38.22 -16.06 -212.62 -7.67 114 -282.33 0 0 0 44.25 39.85 -254.1 -121.52 136.81 -279.27 0 0 0
34.7 -55.71 -181.27 38.01 -14.75 -213.23 -9.37 114.85 -282.35 0 0 0 43.4 41.04 -254.51 -123.85 136.53 -279.35 0 0 0
34.7 -55.71 -181.27 38.01 -14.75 -213.23 -9.37 114.85 -282.35 0 0 0 43.4 41.04 -254.51 -123.85 136.53 -279.35 0 0 0
36.35 -54.24 -185.91 37.39 -10.73 -214.58 -14.51 117.23 -281.71 0 0 0 41.39 45.11 -256.12 -129.93 134.74 -278.91 0 0 0
36.35 -54.24 -185.91 37.39 -10.73 -214.58 -14.51 117.23 -281.71 0 0 0 41.39 45.11 -256.12 -129.93 134.74 -278.91 0 0 0
36.84 -51.76 -189.22 36.91 -7.48 -216.32 -18.84 119.5 -281.55 0 0 0 39.58 48.71 -257.31 -135.13 133.74 -279.6 0 0 0
37.33 -49.88 -191.5 36.79 -5.16 -217.82 -21.84 120.86 -281.62 0 0 0 38.3 51.21 -258.34 -138.45 132.95 -279.48 0 0 0
38.25 -48.11 -193.38 37.02 -3.05 -218.91 -24.57 122.13 -281.67 0 0 0 37.09 53.48 -259.23 -141.6 132.26 -279.39 0 0 0
40.16 -45.32 -196.62 37.81 0.46 -221.22 -29.05 123.94 -281.8 0 0 0 35.31 57.3 -260.79 -146.28 131.44 -279.56 0 0 0
40.16 -45.32 -196.62 37.81 0.46 -221.22 -29.05 123.94 -281.8 0 0 0 35.31 57.3 -260.79 -146.28 131.44 -279.56 0 0 0
40.16 -45.32 -196.62 37.81 0.46 -221.22 -29.05 123.94 -281.8 0 0 0 35.31 57.3 -260.79 -146.28 131.44 -279.56 0 0 0
41.05 -44 -198.13 38.23 1.78 -222.22 -30.78 124.6 -281.77 0 0 0 34.56 58.93 -261.24 -148.38 131.19 -279.96 0 0 0
41.96 -42.13 -200.04 38.48 4.16 -223.38 -33.68 125.58 -281.8 0 0 0 33.28 61.35 -262 -151.37 130.37 -280.2 0 0 0
43.12 -40.63 -201.71 39.14 5.73 -224.57 -35.48 126.18 -281.89 0 0 0 32.57 63.09 -262.76 -153.34 129.93 -279.96 0 0 0
43.12 -40.63 -201.71 39.14 5.73 -224.57 -35.48 126.18 -281.89 0 0 0 32.57 63.09 -262.76 -153.34 129.93 -279.96 0 0 0
43.63 -40.3 -201.89 39.33 6.08 -224.54 -35.68 126.43 -281.99 0 0 0 32.59 63.26 -262.93 -153.37 130 -279.65 0 0 0
43.76 -40.34 -201.75 39.5 6.24 -224.48 -35.42 126.51 -282.15 0 0 0 32.73 63.22 -262.96 -153.25 130.08 -279.53 0 0 0
43.75 -41.02 -201.14 40 5.39 -223.83 -33.13 126.36 -282.63 0 0 0 34.09 62.19 -263.15 -150.72 130.28 -279.22 0 0 0
43.84 -41.22 -200.85 40.18 5.18 -223.51 -32.25 126.07 -282.8 0 0 0 34.7 61.7 -262.99 -149.4 129.67 -278.64 0 0 0
43.84 -41.22 -200.85 40.18 5.18 -223.51 -32.25 126.07 -282.8 0 0 0 34.7 61.7 -262.99 -149.4 129.67 -278.64 0 0 0
43.81 -41.4 -200.82 40.13 5.15 -223.32 -31.92 125.93 -282.91 0 0 0 34.81 61.53 -262.88 -149.1 129.29 -277.96 0 0 0
43.81 -41.4 -200.82 40.13 5.15 -223.32 -31.92 125.93 -282.91 0 0 0 34.81 61.53 -262.88 -149.1 129.29 -277.96 0 0 0
43.64 -40.74 -201.53 40.08 5.33 -223.48 -33.89 126.44 -282.66 0 0 0 33.6 62.68 -262.82 -151.21 129.7 -277.45 0 0 0
43.57 -39.95 -202.34 39.51 6.73 -224.38 -36 126.65 -282.2 0 0 0 32.33 63.76 -262.86 -153.62 130.04 -277.24 0 0 0
43.903 -39.063 -203.06 39.63 8.32 -225.16 -38.42 127.09 -282.26 0 0 0 31.08 65.32 -263.44 -156.36 130.82 -277.56 0 0 0
44.237 -38.177 -203.77 39.63 8.32 -225.16 -38.42 127.09 -282.26 0 0 0 31.08 65.32 -263.44 -156.36 130.82 -277.56 0 0 0
44.57 -37.29 -204.49 40.26 9.56 -225.7 -39.7 127.81 -282.39 0 0 0 30.61 66.58 -264.08 -157.57 129.99 -278.63 0 0 0
44.65 -37.2 -204.58 40.33 9.71 -225.82 -39.85 127.82 -282.21 0 0 0 30.54 66.64 -264.07 -158.1 130.03 -278.76 0 0 0
44.69 -37.24 -204.76 40.35 9.73 -226.14 -39.83 127.85 -282.22 0 0 0 30.62 66.72 -264.18 -157.81 129.72 -278.47 0 0 0
44.66 -37.44 -204.71 40.18 9.45 -225.93 -39.47 127.75 -282.22 0 0 0 31.13 66.53 -264.25 -157.04 129.92 -278.81 0 0 0
44.69 -37.97 -204.27 40.37 9.51 -225.89 -37.37 127.68 -282.57 0 0 0 32.24 65.85 -264.27 -155.37 130.58 -279.09 0 0 0
44.89 -38.84 -203.46 41.19 7.83 -225.21 -35.24 127.15 -283.17 0 0 0 33.7 64.51 -264.47 -153.05 131.29 -278.96 0 0 0
45.02 -39.44 -202.98 41.38 7.3 -224.83 -34.12 126.77 -283.32 0 0 0 34.31 63.75 -264.24 -151.79 131.53 -279.17 0 0 0
45.18 -40.72 -202.09 41.68 6 -224.06 -31.73 126.18 -283.98 0 0 0 35.74 62.26 -264.04 -149.49 131.72 -279.57 0 0 0
45.23 -42.01 -201.22 41.95 4.49 -223.38 -29.24 125.72 -284.29 0 0 0 36.98 60.64 -263.78 -146.62 131.7 -279.91 0 0 0
45.34 -43.41 -200.12 42.41 3.2 -222.65 -26.65 125.19 -284.65 0 0 0 38.27 59.17 -263.13 -143.77 131.66 -280.76 0 0 0
45.55 -45.48 -198.38 42.82 0.96 -220.85 -22.63 124.47 -284.75 0 0 0 40.32 56.86 -261.63 -139.29 131.51 -282.03 0 0 0
45.59 -46.81 -197.36 42.98 -0.39 -220.08 -20.05 124.22 -284.87 0 0 0 41.2 55.5 -261.07 -136.22 131.47 -282.78 0 0 0
45.58 -48.49 -196.34 43 -2.16 -219.01 -17.88 123.46 -284.87 0 0 0 41.96 53.82 -260.35 -133.76 131.65 -283.33 0 0 0
45.78 -50.58 -194.9 43.2 -4.45 -218.01 -15.06 122.5 -284.62 0 0 0 43 51.56 -259.15 -130.87 132.31 -283.79 0 0 0
45.78 -50.58 -194.9 43.2 -4.45 -218.01 -15.06 122.5 -284.62 0 0 0 43 51.56 -259.15 -130.87 132.31 -283.79 0 0 0
45.75 -53.35 -192.95 43.54 -7.49 -216.59 -11.35 121.01 -284.61 0 0 0 44.34 48.7 -257.84 -126.77 133.44 -284.76 0 0 0
45.76 -51.99 -193.89 43.32 -5.92 -217.33 -13.26 121.68 -284.45 0 0 0 43.63 50.17 -258.53 -128.64 132.55 -283.87 0 0 0
45.93 -54.63 -192.23 43.69 -8.69 -215.98 -9.63 120.2 -284.44 0 0 0 45.16 47.37 -257.26 -124.49 133.95 -285.15 0 0 0
45.98 -55.3 -191.82 43.73 -9.32 -215.62 -8.76 119.85 -284.61 0 0 0 45.37 46.79 -256.81 -123.62 134.14 -285.44 0 0 0
46.13 -56.59 -191.04 43.95 -10.71 -214.88 -7.09 119 -284.23 0 0 0 46.1 45.37 -256.2 -121.96 135.03 -286.43 0 0 0
46.23 -59.72 -189.21 43.96 -14.03 -213.25 -3.6 116.86 -283.86 0 0 0 47.26 42.11 -254.57 -117.84 136.45 -287.61 0 0 0
46.23 -59.72 -189.21 43.96 -14.03 -213.25 -3.6 116.86 -283.86 0 0 0 47.26 42.11 -254.57 -117.84 136.45 -287.61 0 0 0
45.69 -63.77 -186.35 44.06 -17.97 -210.33 0.98 114.06 -283.17 0 0 0 48.72 37.59 -252.66 -112.09 138.06 -288.71 0 0 0
45.69 -63.77 -186.35 44.06 -17.97 -210.33 0.98 114.06 -283.17 0 0 0 48.72 37.59 -252.66 -112.09 138.06 -288.71 0 0 0
45.41 -66.02 -185.15 44.08 -20.2 -209.11 3.11 112.56 -282.7 0 0 0 49.17 35.6 -251.07 -109.82 138.6 -289.35 0 0 0
45.16 -68.08 -183.84 43.92 -22.15 -207.67 5.2 110.92 -282.07 0 0 0 49.78 33.38 -249.86 -107.18 139.05 -289.59 0 0 0
44.62 -70.59 -182.35 43.78 -24.67 -206.38 7.45 109.3 -281.78 0 0 0 50.26 31.02 -248.59 -104.37 139.56 -289.91 0 0 0
44.2 -72.65 -180.93 43.63 -26.79 -205.15 9.61 107.35 -280.98 0 0 0 50.91 28.62 -247.38 -101.45 140.03 -290.01 0 0 0
43.74 -74.7 -178.96 43.46 -28.58 -203.18 11.07 105.83 -280.9 0 0 0 50.92 26.74 -245.77 -99.33 140.69 -289.75 0 0 0
44.01 -74.67 -177.53 43.96 -28.75 -201.49 11.22 104.74 -280.54 0 0 0 50.78 25.5 -244.8 -98.56 140.83 -287.56 0 0 0
44.42 -73.22 -176.98 44.82 -27.27 -200.5 8.94 104.86 -280.38 0 0 0 49.97 26.98 -244.85 -101.09 140.64 -284.76 0 0 0
43.27 -70.09 -177.28 46.02 -24.26 -200.88 5.28 106.74 -280.69 0 0 0 48.52 29 -245.63 -105.32 140.23 -283.6 0 0 0
43.27 -70.09 -177.28 46.02 -24.26 -200.88 5.28 106.74 -280.69 0 0 0 48.52 29 -245.63 -105.32 140.23 -283.6 0 0 0
42.65 -67.83 -178.34 46.89 -21.82 -202.06 2.42 108.25 -280.88 0 0 0 47.93 31.59 -247.43 -109.92 140.16 -284.37 0 0 0
42.65 -67.83 -178.34 46.89 -21.82 -202.06 2.42 108.25 -280.88 0 0 0 47.93 31.59 -247.43 -109.92 140.16 -284.37 0 0 0
43.07 -64.18 -181.15 47.88 -18.68 -205.06 -1.83 110.71 -281.26 0 0 0 46.63 35.09 -249.46 -114.15 138.75 -281.33 0 0 0
43.07 -64.18 -181.15 47.88 -18.68 -205.06 -1.83 110.71 -281.26 0 0 0 46.63 35.09 -249.46 -114.15 138.75 -281.33 0 0 0
