-131.41 206.36 -301.9 -55.034 98.73 -123.36 0 0 0 0 0 0 -35.089 66.53 -72.409 0 0 0 0 0 0
-131.41 206.36 -301.9 -55.034 98.73 -123.36 0 0 0 0 0 0 -35.089 66.53 -72.409 0 0 0 0 0 0
-131.41 206.36 -301.9 -55.034 98.73 -123.36 0 0 0 0 0 0 -35.089 66.53 -72.409 0 0 0 0 0 0
-131.41 206.36 -301.9 -55.034 98.73 -123.36 0 0 0 0 0 0 -35.089 66.53 -72.409 0 0 0 0 0 0
-131.41 206.36 -301.9 -55.034 98.73 -123.36 0 0 0 0 0 0 -35.089 66.53 -72.409 0 0 0 0 0 0
-131.35 206.35 -301.87 -55.035 98.73 -123.37 0 0 0 0 0 0 -35.09 66.529 -72.412 0 0 0 0 0 0
-131.11 206.33 -301.73 -55.037 98.727 -123.38 0 0 0 0 0 0 -35.095 66.525 -72.426 0 0 0 0 0 0
-130.87 206.31 -301.6 -55.039 98.725 -123.4 0 0 0 0 0 0 -35.1 66.52 -72.44 0 0 0 0 0 0
-130.63 206.29 -301.46 -55.042 98.723 -123.41 0 0 0 0 0 0 -35.106 66.516 -72.454 0 0 0 0 0 0
-130.39 206.28 -301.33 -55.044 98.72 -123.42 0 0 0 0 0 0 -35.111 66.512 -72.468 0 0 0 0 0 0
-130.15 206.26 -301.2 -55.046 98.718 -123.44 0 0 0 0 0 0 -35.116 66.508 -72.483 0 0 0 0 0 0
-129.71 206 -300.79 -55.057 98.707 -123.49 0 0 0 0 0 0 -35.138 66.49 -72.542 0 0 0 0 0 0
-129.09 205.83 -300.49 -55.072 98.691 -123.58 0 0 0 0 0 0 -35.172 66.461 -72.635 0 0 0 0 0 0
-128.29 206.12 -300.32 -55.087 98.674 -123.67 0 0 0 0 0 0 -35.207 66.433 -72.729 0 0 0 0 0 0
-127.81 206.08 -300.15 -55.101 98.658 -123.77 0 0 0 0 0 0 -35.241 66.404 -72.822 0 0 0 0 0 0
-127.24 205.99 -299.96 -55.117 98.642 -123.86 0 0 0 0 0 0 -35.276 66.376 -72.915 0 0 0 0 0 0
-126.84 206.01 -300.11 -55.132 98.625 -123.94 0 0 0 0 0 0 -35.311 66.348 -73.009 0 0 0 0 0 0
-126.48 206.06 -300.19 -55.147 98.609 -124.04 0 0 0 0 0 0 -35.345 66.32 -73.102 0 0 0 0 0 0
-126.27 206.03 -300.22 -55.162 98.592 -124.13 0 0 0 0 0 0 -35.379 66.292 -73.195 0 0 0 0 0 0
-125.82 206 -300.15 -55.179 98.576 -124.22 0 0 0 0 0 0 -35.414 66.264 -73.289 0 0 0 0 0 0
-125.24 206.01 -300.31 -55.193 98.559 -124.31 0 0 0 0 0 0 -35.449 66.236 -73.382 0 0 0 0 0 0
-124.62 206.09 -300.41 -55.207 98.543 -124.4 0 0 0 0 0 0 -35.483 66.208 -73.475 0 0 0 0 0 0
-124.33 206.2 -300.52 -55.222 98.527 -124.49 0 0 0 0 0 0 -35.518 66.179 -73.569 0 0 0 0 0 0
-124.01 206.27 -300.51 -55.238 98.51 -124.58 0 0 0 0 0 0 -35.553 66.151 -73.663 0 0 0 0 0 0
-123.28 206.12 -300.56 -55.254 98.494 -124.67 0 0 0 0 0 0 -35.587 66.123 -73.757 0 0 0 0 0 0
-122.85 206.05 -300.53 -55.269 98.477 -124.76 0 0 0 0 0 0 -35.621 66.094 -73.85 0 0 0 0 0 0
-122.62 206.03 -300.41 -55.288 98.458 -124.85 0 0 0 0 0 0 -35.657 66.066 -73.942 0 0 0 0 0 0
-122.37 205.82 -299.22 -55.332 98.416 -124.97 0 0 0 0 0 0 -35.692 66.039 -74.03 0 0 0 0 0 0
-121.59 205.58 -298.31 -55.376 98.376 -125.08 0 0 0 0 0 0 -35.725 66.015 -74.117 0 0 0 0 0 0
-120.88 205.19 -298.25 -55.419 98.334 -125.19 0 0 0 0 0 0 -35.761 65.988 -74.204 0 0 0 0 0 0
-120.31 205.37 -298.12 -55.464 98.291 -125.31 0 0 0 0 0 0 -35.796 65.961 -74.293 0 0 0 0 0 0
-118.49 205.85 -297.26 -55.522 98.239 -125.44 0 0 0 0 0 0 -35.837 65.93 -74.395 0 0 0 0 0 0
-117.49 205.77 -297.39 -55.581 98.188 -125.58 0 0 0 0 0 0 -35.877 65.899 -74.496 0 0 0 0 0 0
-116.71 205.76 -297.55 -55.639 98.135 -125.71 0 0 0 0 0 0 -35.918 65.868 -74.598 0 0 0 0 0 0
-116.1 205.87 -297.59 -75.007 120.44 -163.93 0 0 0 0 0 0 -35.959 65.837 -74.7 0 0 0 0 0 0
-114.36 205.8 -297.1 -78.291 124.92 -171.23 0 0 0 0 0 0 -35.999 65.806 -74.801 0 0 0 0 0 0
-113.47 205.47 -296.73 -77.71 124.82 -171.37 0 0 0 0 0 0 -36.04 65.775 -74.903 0 0 0 0 0 0
-111.72 205.68 -296.57 -76.399 124.62 -171.58 0 0 0 0 0 0 -36.081 65.745 -75.003 0 0 0 0 0 0
-110.48 205.72 -296.59 -75.81 124.54 -171.55 0 0 0 0 0 0 -36.121 65.715 -75.105 0 0 0 0 0 0
-108.85 205.49 -296.58 -75.223 124.46 -171.49 0 0 0 0 0 0 -36.161 65.684 -75.208 0 0 0 0 0 0
-107.32 205.4 -296.69 -91.702 150.2 -204.73 0 0 0 0 0 0 -36.203 65.653 -75.31 0 0 0 0 0 0
-106.11 205.35 -296.68 -94.363 154.85 -211.46 0 0 0 0 0 0 -36.238 65.625 -75.399 0 0 0 0 0 0
-105.46 205.23 -296.77 -94.228 154.78 -211.57 0 0 0 0 0 0 -36.272 65.599 -75.486 0 0 0 0 0 0
-103.94 205.12 -296.97 -94.251 154.74 -211.56 0 0 0 0 0 0 -36.308 65.572 -75.573 0 0 0 0 0 0
-103.4 204.96 -296.93 -94.364 154.79 -211.54 0 0 0 0 0 0 -36.342 65.546 -75.66 0 0 0 0 0 0
-102.32 204.6 -296.83 -114.44 177.21 -249.76 0 0 0 0 0 0 -36.378 65.52 -75.748 0 0 0 0 0 0
-100.63 204.32 -296.93 -139.06 211.08 -293.7 0 0 0 0 0 0 -36.416 65.49 -75.847 0 0 0 0 0 0
-99.704 204.12 -297.03 -138.3 210.88 -293.59 0 0 0 0 0 0 -36.456 65.461 -75.947 0 0 0 0 0 0
-97.213 203.8 -296.95 -136.36 210.54 -293.3 0 0 0 0 0 0 -36.493 65.434 -76.036 0 0 0 0 0 0
-95.499 203.44 -296.96 -134.74 209.92 -292.62 0 0 0 0 0 0 -36.533 65.402 -76.138 0 0 0 0 0 0
-93.517 203.39 -296.85 -133.31 209.6 -292.3 0 0 0 0 0 0 -36.573 65.371 -76.239 0 0 0 0 0 0
-91.591 203.21 -296.78 -131.9 209.4 -292.2 0 0 0 0 0 0 -36.609 65.344 -76.329 0 0 0 0 0 0
-89.81 202.9 -296.62 -130.5 209.34 -292.2 0 0 0 0 0 0 -36.642 65.319 -76.411 0 0 0 0 0 0
-87.593 202.42 -296.38 -128.74 209.27 -292.19 0 0 0 0 0 0 -36.681 65.289 -76.509 0 0 0 0 0 0
-85.444 202.16 -296.15 -126.42 209.02 -292.38 0 0 0 0 0 0 -36.73 65.253 -76.631 0 0 0 0 0 0
-84.468 201.79 -296.23 -125.43 208.9 -292.72 0 0 0 0 0 0 -36.778 65.215 -76.754 0 0 0 0 0 0
-83.239 201.61 -296.31 -124.39 208.67 -292.9 0 0 0 0 0 0 -36.827 65.179 -76.877 0 0 0 0 0 0
-80.373 200.94 -296.47 -123.23 208.36 -292.6 0 0 0 0 0 0 -36.864 65.151 -76.969 0 0 0 0 0 0
-80.157 200.89 -296.57 -123.36 208.21 -292.54 0 0 0 0 0 0 -36.911 65.116 -77.086 0 0 0 0 0 0
-81.221 201.15 -296.83 -124.65 208.12 -292.62 0 0 0 0 0 0 -36.959 65.079 -77.208 0 0 0 0 0 0
-82.044 201.09 -297.16 -126.43 208.08 -292.78 0 0 0 0 0 0 -37.009 65.041 -77.33 0 0 0 0 0 0
-83.22 201.52 -297.16 -128.17 208.37 -293.04 0 0 0 0 0 0 -37.057 65.005 -77.452 0 0 0 0 0 0
-82.273 201.43 -297.35 -128.52 208.25 -293.23 0 0 0 0 0 0 -37.105 64.967 -77.574 0 0 0 0 0 0
-81.979 201.4 -297.6 -129.43 208.61 -293.27 0 0 0 0 0 0 -37.153 64.931 -77.693 0 0 0 0 0 0
-81.364 201.34 -297.67 -129.19 208.7 -293.38 0 0 0 0 0 0 -37.194 64.901 -77.795 0 0 0 0 0 0
-80.454 201.19 -297.78 -128.58 208.78 -293.77 0 0 0 0 0 0 -37.234 64.871 -77.896 0 0 0 0 0 0
-78.99 200.78 -297.88 -127.53 208.71 -294.34 0 0 0 0 0 0 -37.274 64.84 -77.998 0 0 0 0 0 0
-75.545 200.07 -297.89 -125.57 208.16 -294.69 0 0 0 0 0 0 -37.311 64.812 -78.089 0 0 0 0 0 0
-74.075 199.76 -297.88 -124.72 208.04 -294.83 0 0 0 0 0 0 -37.35 64.783 -78.187 0 0 0 0 0 0
-72.143 199.49 -297.78 -123.45 207.65 -294.76 0 0 0 0 0 0 -37.39 64.751 -78.287 0 0 0 0 0 0
-71.186 199.31 -297.89 -122.58 207.53 -294.97 0 0 0 0 0 0 -37.43 64.721 -78.386 0 0 0 0 0 0
-69.279 198.9 -297.98 -120.45 207.05 -294.93 0 0 0 0 0 0 -37.458 64.7 -78.458 0 0 0 0 0 0
-67.693 198.59 -297.88 -118.85 207.03 -295.21 0 0 0 0 0 0 -37.49 64.675 -78.538 0 0 0 0 0 0
-64.299 198.03 -298.04 -115.6 206.39 -296.03 0 0 0 0 0 0 -37.525 64.649 -78.625 0 0 0 0 0 0
-62.534 197.76 -297.95 -113.8 206.17 -296.57 0 0 0 0 0 0 -37.564 64.62 -78.724 0 0 0 0 0 0
-60.536 197.4 -297.9 -112.01 206.01 -296.93 0 0 0 0 0 0 -37.6 64.594 -78.811 0 0 0 0 0 0
-57.541 196.71 -297.7 -109.1 205.47 -297.38 0 0 0 0 0 0 -37.633 64.567 -78.899 0 0 0 0 0 0
-56.312 196.58 -297.7 -107.6 205.24 -297.54 0 0 0 0 0 0 -37.674 64.538 -78.998 0 0 0 0 0 0
-53.562 195.9 -297.56 -104.71 204.72 -297.99 0 0 0 0 0 0 -37.71 64.51 -79.087 0 0 0 0 0 0
-50.934 195.01 -297.42 -101.92 204 -298.19 0 0 0 0 0 0 -37.749 64.479 -79.187 0 0 0 0 0 0
-47.185 193.73 -297.24 -98.054 203.19 -298.35 0 0 0 0 0 0 -37.783 64.453 -79.273 0 0 0 0 0 0
-46.182 193.51 -297.21 -97.027 203.17 -298.5 0 0 0 0 0 0 -37.811 64.431 -79.344 0 0 0 0 0 0
-44.278 192.99 -297.15 -95.11 202.81 -298.72 0 0 0 0 0 0 -37.839 64.411 -79.412 0 0 0 0 0 0
-39.015 191.42 -296.92 -89.531 201.94 -298.97 0 0 0 0 0 0 -129.39 190.32 -260.44 0 0 0 0 0 0
-37.138 190.87 -296.9 -87.595 201.67 -299.13 0 0 0 0 0 0 -144.92 211.28 -291.08 0 0 0 0 0 0
-35.919 190.51 -296.91 -86.367 201.5 -299.27 0 0 0 0 0 0 -145.23 211.25 -291.64 0 0 0 0 0 0
-34.7 190.16 -296.92 -85.139 201.34 -299.41 0 0 0 0 0 0 -145.54 211.22 -292.19 0 0 0 0 0 0
-33.345 189.74 -296.88 -83.743 201.13 -299.53 0 0 0 0 0 0 -145.37 211.01 -292.67 0 0 0 0 0 0
-31.916 189.27 -296.82 -82.252 200.88 -299.64 0 0 0 0 0 0 -144.94 210.71 -293.09 0 0 0 0 0 0
-30.486 188.81 -296.75 -80.762 200.63 -299.75 0 0 0 0 0 0 -144.51 210.4 -293.51 0 0 0 0 0 0
-28.951 188.3 -296.58 -79.146 200.38 -299.79 0 0 0 0 0 0 -143.68 210.19 -293.93 0 0 0 0 0 0
-27.116 187.62 -296.32 -77.257 200.09 -299.79 0 0 0 0 0 0 -142.29 210.16 -294.3 0 0 0 0 0 0
-24.165 186.15 -296.16 -74.342 199.39 -300 0 0 0 0 0 0 -140.28 209.92 -294.75 0 0 0 0 0 0
-21.935 185.06 -295.98 -72.099 198.92 -300.14 0 0 0 0 0 0 -138.3 209.6 -295.16 0 0 0 0 0 0
-19.327 183.9 -295.62 -68.846 198.21 -299.97 0 0 0 0 0 0 -136.01 209.64 -295.82 0 0 0 0 0 0
-17.649 183.21 -295.41 -66.861 197.86 -299.86 0 0 0 0 0 0 -134.4 209.7 -296.2 0 0 0 0 0 0
-15.875 182.14 -295.37 -64.992 197.34 -300.08 0 0 0 0 0 0 -132.8 209.35 -296.55 0 0 0 0 0 0
-13.676 180.72 -294.98 -62.463 196.47 -299.85 0 0 0 0 0 0 -131.01 209.14 -296.83 0 0 0 0 0 0
-11.943 179.79 -294.61 -60.565 196.09 -299.76 0 0 0 0 0 0 -129.19 208.77 -297.1 0 0 0 0 0 0
-9.9429 178.51 -294.17 -58.402 195.55 -299.76 0 0 0 0 0 0 -126.67 208.4 -297.18 0 0 0 0 0 0
-8.6982 177.72 -293.85 -57.051 195.12 -299.62 0 0 0 0 0 0 -125.22 208.37 -297.41 0 0 0 0 0 0
-7.5376 176.81 -293.75 -55.663 194.49 -299.63 0 0 0 0 0 0 -124.1 208.21 -297.91 0 0 0 0 0 0
-6.7696 176.41 -293.38 -55.271 194.4 -299.4 0 0 0 0 0 0 -123.26 208.16 -297.46 0 0 0 0 0 0
-6.4051 176.26 -293 -54.745 194.5 -298.88 0 0 0 0 0 0 -122.78 208.5 -296.65 0 0 0 0 0 0
-7.1764 176.44 -292.86 -54.939 194.57 -298.58 0 0 0 0 0 0 -123.04 208.82 -295.69 0 0 0 0 0 0
-6.3605 175.74 -292.55 -53.988 194.31 -298.44 0 0 0 0 0 0 -121.89 208.68 -295.47 0 0 0 0 0 0
-5.8743 175.43 -292.45 -53.453 194.12 -298.42 0 0 0 0 0 0 -121.17 208.53 -295.51 0 0 0 0 0 0
-5.5476 175.18 -292.34 -53.084 193.99 -298.39 0 0 0 0 0 0 -120.79 208.42 -295.51 0 0 0 0 0 0
-5.0757 174.75 -292.21 -52.504 193.81 -298.43 0 0 0 0 0 0 -120.47 208.26 -295.53 0 0 0 0 0 0
-4.0841 174.05 -291.81 -51.284 193.52 -298.17 0 0 0 0 0 0 -119.46 208 -295.54 0 0 0 0 0 0
-3.621 173.71 -291.56 -50.666 193.45 -297.96 0 0 0 0 0 0 -118.76 207.86 -295.55 0 0 0 0 0 0
-3.8607 173.72 -291.5 -50.767 193.56 -297.8 0 0 0 0 0 0 -117.67 208.02 -295.77 0 0 0 0 0 0
-2.4086 172.19 -291.03 -48.789 192.82 -297.47 0 0 0 0 0 0 -114.93 207.54 -296.51 0 0 0 0 0 0
-1.1463 170.84 -290.73 -47.08 192.15 -297.29 0 0 0 0 0 0 -113.01 207.33 -297.2 0 0 0 0 0 0
2.741 167.19 -289.93 -42.024 190.09 -297.08 0 0 0 0 0 0 -108.6 206.68 -297.6 0 0 0 0 0 0
4.4312 165.92 -289.58 -40.012 189.45 -296.97 0 0 0 0 0 0 -106.76 206.29 -298.06 0 0 0 0 0 0
6.7967 163.75 -289.27 -37.168 188.42 -297.12 0 0 0 0 0 0 -103.95 205.51 -299.07 0 0 0 0 0 0
8.4629 162.3 -289.05 -34.979 187.81 -297 0 0 0 0 0 0 -102.1 205.08 -299.59 0 0 0 0 0 0
10.054 160.74 -288.57 -32.746 186.98 -296.72 0 0 0 0 0 0 -100.37 204.94 -299.62 0 0 0 0 0 0
9.9555 160.68 -288.55 -32.827 186.89 -296.63 0 0 0 0 0 0 -99.716 204.88 -299.62 0 0 0 0 0 0
12.013 158.3 -287.94 -30.02 185.68 -296.59 0 0 0 0 0 0 -96.74 204 -299.69 0 0 0 0 0 0
12.857 157.35 -287.81 -28.86 185.26 -296.62 0 0 0 0 0 0 -95.529 203.81 -299.89 0 0 0 0 0 0
14 156.1 -287.5 -27.269 184.6 -296.54 0 0 0 0 0 0 -93.74 203.46 -299.96 0 0 0 0 0 0
14.666 155.34 -287.41 -26.359 184.22 -296.56 0 0 0 0 0 0 -92.681 203.3 -300.02 0 0 0 0 0 0
15.691 154.21 -287.13 -24.91 183.71 -296.46 0 0 0 0 0 0 -91.225 203.04 -300.11 0 0 0 0 0 0
17.257 152.4 -286.68 -22.77 182.83 -296.3 0 0 0 0 0 0 -88.828 202.77 -300.13 0 0 0 0 0 0
17.428 152.44 -286.84 -22.592 183.06 -296.36 0 0 0 0 0 0 -88.54 202.87 -299.91 0 0 0 0 0 0
17.621 152.19 -286.87 -22.232 183.01 -296.41 0 0 0 0 0 0 -88.208 202.78 -300.08 0 0 0 0 0 0
18.231 151.39 -286.71 -21.32 182.6 -296.3 0 0 0 0 0 0 -87.287 202.54 -300.2 0 0 0 0 0 0
18.686 150.85 -286.53 -20.665 182.4 -296.24 0 0 0 0 0 0 -86.553 202.39 -300.17 0 0 0 0 0 0
18.577 151.07 -286.51 -21.049 182.42 -296.15 0 0 0 0 0 0 -86.781 202.24 -299.84 0 0 0 0 0 0
18.133 151.76 -286.5 -21.801 182.79 -295.98 0 0 0 0 0 0 -87.535 202.45 -299.46 0 0 0 0 0 0
16.295 154.44 -286.82 -24.624 184.42 -296.07 0 0 0 0 0 0 -90.7 203.21 -298.59 0 0 0 0 0 0
16.287 154.33 -286.84 -24.566 184.32 -296.06 0 0 0 0 0 0 -90.767 203.34 -298.62 0 0 0 0 0 0
16.082 154.56 -286.87 -24.874 184.44 -296.09 0 0 0 0 0 0 -91.013 203.39 -298.49 0 0 0 0 0 0
15.176 155.74 -287.21 -26.281 185.12 -296.28 0 0 0 0 0 0 -92.396 203.75 -298.13 0 0 0 0 0 0
14.629 156.45 -287.42 -27.15 185.53 -296.39 0 0 0 0 0 0 -93.26 203.99 -297.89 0 0 0 0 0 0
14.731 156.32 -287.36 -27.051 185.46 -296.34 0 0 0 0 0 0 -93.19 204.03 -297.87 0 0 0 0 0 0
14.894 156.11 -287.29 -26.859 185.39 -296.25 0 0 0 0 0 0 -92.906 204.02 -297.78 0 0 0 0 0 0
16.421 153.71 -286.65 -24.269 184.03 -295.67 0 0 0 0 0 0 -90.169 203.4 -297.9 0 0 0 0 0 0
19.178 150.05 -285.68 -19.972 181.91 -294.89 0 0 0 0 0 0 -85.63 202.44 -298.47 0 0 0 0 0 0
21.001 147.77 -285.2 -17.28 180.65 -294.51 0 0 0 0 0 0 -82.745 201.86 -298.94 0 0 0 0 0 0
21.834 146.63 -285.01 -16.025 180.05 -294.37 0 0 0 0 0 0 -81.251 201.65 -299 0 0 0 0 0 0
23.482 144.1 -284.5 -13.445 178.6 -294.19 0 0 0 0 0 0 -78.284 201.19 -299.49 0 0 0 0 0 0
24.617 142.38 -284.16 -11.591 177.6 -294.02 0 0 0 0 0 0 -76.221 200.81 -299.82 0 0 0 0 0 0
25.878 140.32 -283.59 -9.5735 176.24 -293.63 0 0 0 0 0 0 -73.866 200.08 -299.67 0 0 0 0 0 0
27.358 137.81 -283.01 -7.1839 174.61 -293.18 0 0 0 0 0 0 -71.006 199.39 -299.7 0 0 0 0 0 0
28.44 135.77 -282.5 -5.3636 173.27 -292.98 0 0 0 0 0 0 -68.58 199.12 -299.9 0 0 0 0 0 0
29.683 133.86 -282.03 -3.3927 172.01 -292.48 0 0 0 0 0 0 -66.33 198.53 -299.67 0 0 0 0 0 0
30.675 132.05 -281.68 -1.7654 170.78 -292.21 0 0 0 0 0 0 -64.431 198.12 -299.8 0 0 0 0 0 0
31.401 130.7 -281.45 -0.50333 169.79 -292.07 0 0 0 0 0 0 -62.921 197.72 -299.87 0 0 0 0 0 0
32.078 129.45 -281.2 0.63429 168.91 -291.93 0 0 0 0 0 0 -61.539 197.24 -299.79 0 0 0 0 0 0
32.829 127.94 -281.03 1.9657 167.79 -291.89 0 0 0 0 0 0 -59.905 196.74 -299.92 0 0 0 0 0 0
34.514 124.58 -280.32 4.7157 165.02 -291.26 0 0 0 0 0 0 -56.146 195.33 -299.86 0 0 0 0 0 0
34.829 123.95 -280.22 5.2568 164.56 -291.2 0 0 0 0 0 0 -55.464 195.11 -299.91 0 0 0 0 0 0
35.778 122.17 -279.56 6.7568 163.14 -290.73 -39.029 57.712 -80.661 0 0 0 -53.49 194.41 -299.78 0 0 0 0 0 0
37.079 119.76 -278.58 8.7895 161.2 -290.04 -99.741 147.49 -206.13 0 0 0 -50.798 193.45 -299.55 0 0 0 0 0 0
38.238 117.67 -277.75 10.605 159.56 -289.39 -142.68 211.6 -295.72 0 0 0 -48.423 192.69 -299.27 0 0 0 0 0 0
39.044 116.4 -277.28 11.879 158.68 -288.87 -141.21 211.56 -295.6 0 0 0 -46.843 192.42 -298.88 0 0 0 0 0 0
39.853 114.92 -276.76 13.079 157.52 -288.34 -139.55 211.56 -295.72 0 0 0 -45.185 192.05 -298.61 0 0 0 0 0 0
40.415 113.98 -276.49 13.958 156.79 -288.12 -138.3 211.53 -295.82 0 0 0 -44.039 191.73 -298.47 0 0 0 0 0 0
41.408 111.94 -275.77 15.657 155.12 -287.42 -136.38 211.39 -296.03 0 0 0 -41.678 190.98 -298.07 0 0 0 0 0 0
42.065 110.59 -275.4 16.602 153.96 -287.16 -134.93 211.23 -296.15 0 0 0 -40.422 190.36 -297.99 0 0 0 0 0 0
42.806 109.37 -275.06 17.667 153.02 -286.79 -133.39 211.26 -296.19 0 0 0 -39.127 189.94 -297.79 0 0 0 0 0 0
43.864 106.81 -274.38 19.33 150.76 -286.23 -130.72 210.93 -296.74 0 0 0 -36.603 188.84 -297.78 0 0 0 0 0 0
44.591 105.09 -273.82 20.541 149.29 -285.6 -128.7 210.44 -297.12 0 0 0 -34.68 188.12 -297.43 0 0 0 0 0 0
44.896 103.95 -273.27 21.255 148.36 -285.12 -127.46 210.28 -297.14 0 0 0 -33.567 187.71 -297.09 0 0 0 0 0 0
45.239 102.86 -272.9 21.965 147.46 -284.81 -126.27 210.13 -297.22 0 0 0 -32.483 187.32 -296.92 0 0 0 0 0 0
45.682 101.64 -272.54 22.812 146.44 -284.51 -124.88 209.95 -297.31 0 0 0 -31.241 186.85 -296.81 0 0 0 0 0 0
46.248 99.913 -271.87 23.96 144.95 -283.97 -122.83 209.69 -297.43 0 0 0 -29.498 186.11 -296.68 0 0 0 0 0 0
46.515 98.809 -271.41 24.569 143.99 -283.62 -121.74 209.58 -297.52 0 0 0 -28.452 185.68 -296.55 0 0 0 0 0 0
46.713 97.549 -270.87 25.185 142.89 -283.11 -120.59 209.43 -297.62 0 0 0 -27.315 185.01 -296.38 0 0 0 0 0 0
46.879 96.459 -270.4 25.749 141.92 -282.76 -119.41 209.08 -297.73 0 0 0 -26.384 184.45 -296.28 0 0 0 0 0 0
47.094 95.931 -270.07 25.957 141.32 -282.64 -119.17 208.83 -297.23 0 0 0 -26.179 184.02 -296.44 0 0 0 0 0 0
47.027 96.316 -270.29 25.701 141.58 -282.78 -119.6 208.61 -296.82 0 0 0 -26.373 183.92 -296.36 0 0 0 0 0 0
47.113 95.937 -270.19 25.929 141.26 -282.65 -119.1 208.54 -296.58 0 0 0 -25.912 183.75 -296.37 0 0 0 0 0 0
47.162 95.578 -270.02 26.134 140.97 -282.5 -118.68 208.48 -296.52 0 0 0 -25.617 183.69 -296.55 0 0 0 0 0 0
47.317 94.19 -269.38 26.76 139.73 -282.12 -116.93 208.09 -296.6 0 0 0 -24.369 183.06 -296.28 0 0 0 0 0 0
47.266 93.905 -269.19 26.851 139.49 -282.03 -116.74 208 -296.57 0 0 0 -23.911 182.89 -296.26 0 0 0 0 0 0
47.369 93.141 -268.8 27.269 138.78 -281.83 -116.09 207.84 -296.68 0 0 0 -23.184 182.52 -296.27 0 0 0 0 0 0
47.33 92.551 -268.51 27.53 138.27 -281.74 -115.43 207.64 -296.56 0 0 0 -22.698 182.34 -296.2 0 0 0 0 0 0
47.333 91.441 -267.95 28.019 137.27 -281.56 -114.27 207.32 -296.67 0 0 0 -21.721 181.87 -296.05 0 0 0 0 0 0
47.414 90.304 -267.47 28.593 136.23 -281.46 -113.11 207.04 -296.89 0 0 0 -20.86 181.19 -296.33 0 0 0 0 0 0
47.73 89.215 -267 29.322 135.34 -281.15 -111.83 206.92 -297.55 0 0 0 -19.645 180.96 -296.12 0 0 0 0 0 0
47.984 87.98 -266.49 30.125 134.35 -280.71 -110.19 206.61 -298.27 0 0 0 -18.331 180.52 -295.83 0 0 0 0 0 0
48.091 86.915 -265.99 30.745 133.4 -280.4 -108.95 206.32 -298.56 0 0 0 -17.279 180.04 -295.74 0 0 0 0 0 0
48.216 85.421 -265.21 31.564 132.03 -279.92 -107.3 205.95 -298.91 0 0 0 -15.876 179.34 -295.63 0 0 0 0 0 0
48.303 84.375 -264.6 32.083 131.05 -279.52 -106.2 205.69 -299.07 0 0 0 -14.916 178.74 -295.54 0 0 0 0 0 0
48.327 83.292 -264.07 32.598 130.05 -279.27 -105.16 205.62 -299.32 0 0 0 -13.901 178.11 -295.35 0 0 0 0 0 0
48.4 82.451 -263.55 33.025 129.23 -278.93 -104.26 205.57 -299.36 0 0 0 -13.145 177.57 -295.25 0 0 0 0 0 0
48.42 81.647 -263.08 33.402 128.47 -278.65 -103.35 205.48 -299.44 0 0 0 -12.515 177.18 -295.14 0 0 0 0 0 0
48.498 80.342 -262.35 34.054 127.18 -278.2 -101.97 205.53 -299.75 0 0 0 -11.348 176.33 -294.97 0 0 0 0 0 0
48.54 79.595 -262.06 34.401 126.47 -277.97 -101.05 205.47 -299.71 0 0 0 -10.627 175.89 -294.83 0 0 0 0 0 0
48.922 76.747 -260.76 35.758 123.83 -276.96 -97.775 204.86 -299.91 0 0 0 -8.1721 174.16 -294.21 0 0 0 0 0 0
48.956 75.924 -260.37 36.128 123.05 -276.69 -96.942 204.69 -300.08 0 0 0 -7.4492 173.63 -294.1 0 0 0 0 0 0
49.002 74.964 -259.73 36.509 122.07 -276.24 -95.805 204.4 -299.93 0 0 0 -6.5925 172.89 -293.78 0 0 0 0 0 0
49.084 73.361 -258.97 37.241 120.48 -275.76 -94.073 204.14 -299.99 0 0 0 -5.1814 171.75 -293.47 0 0 0 0 0 0
49.337 71.7 -258.15 38.03 118.79 -275.18 -92.276 203.84 -300.15 0 0 0 -3.7329 170.54 -293.17 0 0 0 0 0 0
49.502 69.734 -257.19 38.773 116.87 -274.34 -90.254 203.51 -300.26 0 0 0 -2.1592 169.2 -292.7 0 0 0 0 0 0
49.619 69.055 -256.82 39.108 116.22 -274.21 -89.696 203.29 -300.38 0 0 0 -1.6955 168.63 -292.54 0 0 0 0 0 0
49.98 67.764 -256.17 39.824 114.97 -273.84 -88.22 203.14 -300.17 0 0 0 -0.54333 167.75 -292.14 0 0 0 0 0 0
50.081 66.899 -255.67 40.272 114.15 -273.6 -87.278 203 -299.87 0 0 0 0.19143 167.13 -291.8 0 0 0 0 0 0
50.115 66.825 -255.54 40.345 114.12 -273.46 -87.204 203.01 -299.42 0 0 0 0.30486 167.15 -291.48 0 0 0 0 0 0
50.14 66.622 -255.36 40.433 113.95 -273.27 -86.95 203.05 -298.87 0 0 0 0.3988 167.06 -291.21 0 0 0 0 0 0
50.041 66.749 -255.36 40.172 114.04 -273.2 -87.421 203.07 -298.44 0 0 0 0.060373 167.08 -290.93 0 0 0 0 0 0
49.942 66.875 -255.35 39.912 114.14 -273.13 -87.892 203.08 -298.02 0 0 0 -0.27805 167.09 -290.64 0 0 0 0 0 0
49.938 66.468 -255.03 40.046 113.71 -272.94 -87.391 203.07 -298.13 0 0 0 0.11351 166.8 -290.52 0 0 0 0 0 0
49.949 65.972 -254.64 40.246 113.19 -272.72 -86.728 203.05 -298.33 0 0 0 0.62673 166.46 -290.42 0 0 0 0 0 0
49.842 65.047 -254.02 40.549 112.27 -272.29 -85.586 202.94 -298.43 0 0 0 1.4404 165.76 -290.27 0 0 0 0 0 0
49.627 63.719 -253.17 40.935 110.93 -271.67 -84.006 202.62 -298.36 0 0 0 2.4747 164.69 -289.98 0 0 0 0 0 0
49.49 62.76 -252.59 41.176 109.99 -271.21 -82.878 202.38 -298.33 0 0 0 3.2249 163.96 -289.7 0 0 0 0 0 0
49.283 62.089 -252.12 41.198 109.32 -270.76 -82.097 202.33 -298.27 0 0 0 3.6592 163.44 -289.37 0 0 0 0 0 0
49.083 61.563 -251.63 41.241 108.73 -270.31 -81.38 202.24 -298.11 0 0 0 3.9208 162.98 -289.06 0 0 0 0 0 0
49.103 61.126 -251.34 41.452 108.25 -270.13 -80.82 202.23 -298.27 0 0 0 4.3274 162.68 -289.01 0 0 0 0 0 0
49.168 60.544 -251.08 41.665 107.63 -270 -80.323 202.19 -298.5 0 0 0 4.8908 162.16 -288.92 0 0 0 0 0 0
49.095 59.58 -250.61 41.96 106.64 -269.63 -79.335 201.9 -298.49 0 0 0 5.7518 161.32 -288.74 0 0 0 0 0 0
48.989 58.669 -250.13 42.168 105.69 -269.28 -78.568 201.46 -298.45 0 0 0 6.4284 160.66 -288.49 0 0 0 0 0 0
49.05 58.03 -249.84 42.367 105.03 -269.17 -78.195 201.16 -298.56 0 0 0 6.8657 160.22 -288.32 0 0 0 0 0 0
48.952 57.194 -249.23 42.545 104.08 -268.73 -77.178 200.89 -298.67 0 0 0 7.3912 159.31 -288.06 0 0 0 0 0 0
48.64 56.057 -248.39 42.719 102.84 -268.09 -75.733 200.5 -298.76 0 0 0 8.2463 158.3 -287.76 0 0 0 0 0 0
48.57 55.439 -248.04 42.874 102.23 -267.84 -75.001 200.3 -298.78 0 0 0 8.7325 157.91 -287.67 0 0 0 0 0 0
48.618 55.373 -247.95 42.866 102.18 -267.79 -74.987 200.09 -298.55 0 0 0 8.6174 157.9 -287.61 0 0 0 0 0 0
48.631 55.064 -247.61 42.988 101.85 -267.66 -75.077 200.17 -298.59 0 0 0 9.0057 157.64 -287.44 0 0 0 0 0 0
48.613 55.557 -247.71 42.775 102.32 -267.77 -75.823 200.13 -298.38 0 0 0 8.5423 157.94 -287.47 0 0 0 0 0 0
48.549 56.265 -247.97 42.48 103.01 -268.03 -76.747 200.08 -298.23 0 0 0 7.857 158.44 -287.62 0 0 0 0 0 0
48.378 57.134 -248.43 42.14 103.84 -268.52 -77.835 200.08 -298.39 0 0 0 7.0602 159.11 -287.93 0 0 0 0 0 0
48.247 57.821 -248.73 41.906 104.49 -268.91 -78.631 200.12 -298.49 0 0 0 6.3996 159.63 -288.06 0 0 0 0 0 0
48.115 58.235 -248.8 41.801 104.84 -269.06 -79.054 200.13 -298.47 0 0 0 6.0114 159.89 -288.11 0 0 0 0 0 0
47.887 58.858 -249.2 41.49 105.57 -269.45 -79.93 200.25 -298.38 0 0 0 5.3638 160.55 -288.41 0 0 0 0 0 0
47.648 59.112 -249.35 41.473 105.72 -269.59 -80.102 200.34 -298.34 0 0 0 5.3093 160.74 -288.47 0 0 0 0 0 0
47.534 59.327 -249.4 41.367 105.99 -269.73 -80.421 200.28 -298.3 0 0 0 5.0814 160.95 -288.48 0 0 0 0 0 0
47.483 59.914 -249.46 41.108 106.46 -269.92 -80.937 200.26 -298.19 0 0 0 4.6095 161.16 -288.51 0 0 0 0 0 0
47.048 60.277 -249.21 40.849 106.57 -270.01 -80.809 200.18 -298.14 0 0 0 4.2886 160.97 -288.46 0 0 0 0 0 0
47.061 60.363 -249.16 41.041 106.58 -270.31 -80.697 200.43 -298.5 0 0 0 4.4009 161.19 -288.65 0 0 0 0 0 0
47.291 59.696 -248.7 41.551 105.81 -270.26 -79.676 200.39 -298.9 0 0 0 5.1838 160.74 -288.66 0 0 0 0 0 0
47.087 59.666 -248.49 41.719 105.68 -270.36 -79.377 200.42 -298.89 0 0 0 5.3971 160.72 -288.71 0 0 0 0 0 0
46.661 59.289 -248.02 41.921 105.19 -270.23 -78.768 200.25 -298.81 0 0 0 5.7811 160.32 -288.57 0 0 0 0 0 0
46.257 59.04 -247.59 42.341 104.87 -270.27 -78.145 200.24 -298.74 0 0 0 6.2131 159.96 -288.49 0 0 0 0 0 0
45.901 58.742 -246.97 42.7 104.39 -270.18 -77.594 200.31 -298.66 0 0 0 6.7144 159.46 -288.38 0 0 0 0 0 0
45.856 58.47 -246.73 42.897 104.07 -270.09 -77.213 200.28 -298.69 0 0 0 7.1 159.06 -288.39 0 0 0 0 0 0
45.543 57.768 -246.29 43.225 103.32 -269.84 -76.293 200.23 -298.71 0 0 0 7.7831 158.64 -288.1 0 0 0 0 0 0
45.411 56.802 -245.78 43.687 102.28 -269.39 -75.014 199.96 -298.75 0 0 0 8.6022 157.68 -287.95 0 0 0 0 0 0
45.181 55.93 -245.37 44.157 101.35 -269.14 -73.887 199.75 -298.82 0 0 0 9.5047 157 -287.74 0 0 0 0 0 0
44.997 54.636 -244.76 44.697 99.975 -268.66 -72.383 199.42 -298.9 0 0 0 10.525 155.83 -287.51 0 0 0 0 0 0
44.711 53.719 -244.25 45.099 99.003 -268.31 -71.191 199.29 -298.97 0 0 0 11.31 154.97 -287.39 0 0 0 0 0 0
44.577 53.109 -243.94 45.371 98.362 -268.07 -70.432 199.22 -299.06 0 0 0 11.899 154.5 -287.23 0 0 0 0 0 0
44.388 51.898 -243.06 45.81 96.983 -267.41 -68.821 198.8 -299.22 0 0 0 12.965 153.43 -286.85 0 0 0 0 0 0
43.958 50.991 -242.35 46.222 95.895 -266.96 -67.581 198.68 -299.27 0 0 0 13.877 152.65 -286.63 0 0 0 0 0 0
43.703 49.542 -241.35 46.769 94.271 -266.1 -65.689 198.24 -299.33 0 0 0 15.149 151.22 -286.17 0 0 0 0 0 0
43.183 48.329 -240.45 47.032 92.862 -265.38 -64.212 197.84 -299.46 0 0 0 16.131 150.01 -285.82 0 0 0 0 0 0
42.794 47.11 -239.66 47.379 91.547 -264.7 -62.669 197.47 -299.54 0 0 0 17.116 148.92 -285.44 0 0 0 0 0 0
42.294 45.591 -238.57 47.755 89.82 -263.75 -60.679 197.02 -299.61 0 0 0 18.413 147.56 -285.04 0 0 0 0 0 0
41.914 44.333 -237.85 48.087 88.409 -263.04 -59.181 196.68 -299.64 0 0 0 19.426 146.47 -284.71 0 0 0 0 0 0
41.209 42.968 -236.97 48.282 86.835 -262.25 -57.343 196.17 -299.66 0 0 0 20.582 145.16 -284.31 0 0 0 0 0 0
40.593 42.06 -236.22 48.335 85.684 -261.69 -56.126 195.76 -299.62 0 0 0 21.224 144.11 -284.06 0 0 0 0 0 0
39.932 40.8 -235.07 48.466 84.144 -260.75 -54.515 195.26 -299.57 0 0 0 22.25 142.8 -283.6 0 0 0 0 0 0
39.463 40.007 -234.06 48.642 83.044 -260.13 -53.384 194.94 -299.63 0 0 0 22.945 141.84 -283.34 0 0 0 0 0 0
38.783 39.1 -232.77 48.789 81.681 -259.34 -51.915 194.53 -299.65 0 0 0 23.765 140.6 -282.96 0 0 0 0 0 0
37.924 38.083 -231.34 48.894 80.116 -258.4 -50.193 194.03 -299.62 0 0 0 24.711 139.16 -282.48 0 0 0 0 0 0
37.361 37.526 -230.46 49.037 79.147 -257.91 -49.153 193.75 -299.64 0 0 0 25.324 138.29 -282.2 0 0 0 0 0 0
36.835 36.665 -229.55 49.296 77.907 -257.26 -47.781 193.5 -299.65 0 0 0 26.184 137.28 -281.72 0 0 0 0 0 0
35.892 35.642 -228.31 49.345 76.353 -256.28 -45.975 192.96 -299.54 0 0 0 27.156 135.82 -281.3 0 0 0 0 0 0
35.309 34.836 -227.59 49.446 75.223 -255.67 -44.716 192.67 -299.48 0 0 0 27.924 134.95 -280.99 0 0 0 0 0 0
34.688 34.52 -227.04 49.49 74.494 -255.3 -43.915 192.35 -299.5 0 0 0 28.323 134.25 -280.79 0 0 0 0 0 0
33.919 34.084 -226.35 49.481 73.592 -254.74 -42.777 191.86 -299.5 0 0 0 28.791 133.27 -280.45 0 0 0 0 0 0
33.055 33.587 -225.56 49.489 72.531 -254.1 -41.693 191.38 -299.46 0 0 0 29.352 132.25 -280.12 0 0 0 0 0 0
32.304 33.397 -225.07 49.526 71.826 -253.67 -40.867 191.03 -299.29 0 0 0 29.751 131.6 -279.91 0 0 0 0 0 0
31.67 33.071 -224.68 49.629 71.101 -253.25 -40.178 190.83 -299.23 0 0 0 30.159 130.9 -279.72 0 0 0 0 0 0
31.217 32.818 -224.4 49.745 70.531 -252.89 -39.668 190.71 -299.21 0 0 0 30.473 130.36 -279.4 0 0 0 0 0 0
30 32.494 -224.02 49.634 69.653 -252.29 -38.767 190.28 -299.19 0 0 0 30.891 129.46 -279.05 0 0 0 0 0 0
29.341 32.294 -224.18 49.701 69.21 -252.07 -38.3 190.09 -298.97 0 0 0 31.119 128.94 -278.89 0 0 0 0 0 0
29.026 32.208 -224.25 49.7 68.984 -251.92 -38.071 190 -298.94 0 0 0 31.204 128.74 -278.78 0 0 0 0 0 0
28.737 32.173 -224.56 49.702 68.885 -251.86 -37.958 189.94 -298.85 0 0 0 31.224 128.69 -278.7 0 0 0 0 0 0
28.447 32.138 -224.86 49.704 68.787 -251.79 -37.846 189.87 -298.76 0 0 0 31.244 128.64 -278.62 0 0 0 0 0 0
28.183 31.964 -225 49.73 68.505 -251.61 -37.566 189.73 -298.76 0 0 0 31.376 128.37 -278.54 0 0 0 0 0 0
27.932 31.714 -225.03 49.769 68.12 -251.35 -37.191 189.55 -298.8 0 0 0 31.569 127.97 -278.45 0 0 0 0 0 0
27.682 31.464 -225.07 49.809 67.736 -251.09 -36.817 189.37 -298.85 0 0 0 31.763 127.57 -278.37 0 0 0 0 0 0
26.62 30.625 -224.26 49.68 66.285 -250.09 -35.171 188.69 -298.61 0 0 0 32.482 126.17 -277.72 -106.31 148.37 -210.63 0 0 0
25.808 30.155 -224.01 49.624 65.431 -249.54 -34.234 188.3 -298.49 0 0 0 32.893 125.36 -277.32 -148.56 207.53 -294.81 0 0 0
25.224 29.926 -224.13 49.624 64.986 -249.29 -33.784 188.1 -298.46 0 0 0 33.096 124.95 -277.12 -148.19 207.26 -294.7 0 0 0
25.072 29.644 -223.74 49.642 64.438 -248.89 -33.124 187.8 -298.53 0 0 0 33.392 124.42 -277.02 -147.51 207.11 -294.99 0 0 0
24.891 29.118 -223.08 49.751 63.638 -248.34 -32.176 187.45 -298.46 0 0 0 33.89 123.66 -276.78 -146.56 207.11 -295.1 0 0 0
24.781 28.527 -222.39 49.923 62.803 -247.79 -31.318 187.12 -298.25 0 0 0 34.368 122.89 -276.43 -145.6 207.28 -294.95 0 0 0
24.967 28.141 -221.93 49.976 62.569 -247.61 -31.142 186.81 -298.11 0 0 0 34.451 122.53 -276.29 -145.17 207.39 -294.99 0 0 0
25.087 27.785 -221.44 50.069 62.071 -247.22 -30.608 186.59 -298.05 0 0 0 34.748 122.04 -276.14 -144.44 207.5 -294.94 0 0 0
25.194 27.696 -220.94 50.119 61.81 -247.04 -30.44 186.31 -298.02 0 0 0 34.98 121.53 -276.02 -143.76 207.71 -295.06 0 0 0
25.162 27.982 -221.21 49.928 62.12 -247.23 -30.882 186.17 -298.13 0 0 0 34.634 121.74 -276.2 -143.41 207.8 -295.21 0 0 0
24.481 27.631 -220.75 49.686 61.419 -246.76 -30.097 185.64 -298.1 0 0 0 34.847 121.1 -275.95 -142.29 207.61 -295.44 0 0 0
24.323 28.142 -220.79 49.446 61.852 -246.95 -30.576 185.56 -298.12 0 0 0 34.427 121.37 -276.14 -142.06 207.62 -295.47 0 0 0
23.809 27.887 -220.42 49.21 61.313 -246.58 -29.839 185.2 -298.01 0 0 0 34.744 120.69 -275.69 -140.98 207.63 -295.55 0 0 0
23.362 28.006 -220.31 48.914 61.236 -246.51 -29.791 184.96 -298.12 0 0 0 34.687 120.58 -275.7 -140.31 207.7 -295.66 0 0 0
22.863 27.673 -219.92 48.857 60.591 -246.1 -29.021 184.55 -298.18 0 0 0 34.952 119.87 -275.58 -139.53 207.63 -295.73 0 0 0
22.362 27.248 -219.62 48.771 59.916 -245.69 -28.262 184.13 -298.3 0 0 0 35.225 119.16 -275.43 -138.74 207.52 -295.85 0 0 0
21.849 26.741 -219.34 48.716 59.13 -245.16 -27.408 183.73 -298.31 0 0 0 35.729 118.28 -275.08 -137.95 207.41 -295.9 0 0 0
21.382 26.407 -219.01 48.561 58.569 -244.73 -26.772 183.38 -298.28 0 0 0 36.077 117.63 -274.77 -137.08 207.16 -295.93 0 0 0
21.067 26.3 -218.61 48.546 58.066 -244.44 -26.227 183.02 -298.31 0 0 0 36.356 117.06 -274.65 -136.46 207.09 -296.05 0 0 0
20.58 26.129 -217.76 48.407 57.407 -244.1 -25.561 182.61 -298.13 0 0 0 36.574 116.47 -274.46 -135.67 207.01 -295.98 0 0 0
19.947 26.203 -216.41 48.106 56.81 -243.42 -24.757 182.27 -297.76 0 0 0 36.788 115.64 -273.85 -135.2 207.04 -296.01 0 0 0
19.948 25.904 -215.73 48.298 56.125 -243.07 -23.931 182.16 -297.71 0 0 0 37.298 115.03 -273.6 -134.81 207.26 -296.05 0 0 0
19.923 25.377 -215.04 48.469 55.286 -242.72 -22.921 181.97 -297.61 0 0 0 37.922 114.36 -273.3 -134.59 207.43 -296.02 0 0 0
19.527 25.031 -214.52 48.23 54.707 -242.35 -22.216 181.64 -297.5 0 0 0 38.249 113.82 -273.01 -133.94 207.4 -296.09 0 0 0
19.542 24.417 -213.9 48.156 53.964 -242.1 -21.372 181.46 -297.31 0 0 0 38.75 113.25 -272.73 -133.5 207.56 -296.13 0 0 0
19.475 24.057 -213.14 47.71 53.439 -242.13 -20.747 181.22 -297.14 0 0 0 39.081 112.9 -272.55 -133.26 207.73 -296.51 0 0 0
18.948 23.881 -212.58 47.632 52.707 -241.77 -19.838 180.8 -296.99 0 0 0 39.494 112.15 -272.23 -132.71 207.53 -296.64 0 0 0
18.781 23.567 -212.31 47.589 52.35 -241.52 -19.439 180.62 -296.9 0 0 0 39.711 111.71 -272.1 -132.48 207.5 -296.68 0 0 0
18.62 23.223 -212.25 47.552 52.027 -241.32 -19.098 180.47 -296.78 0 0 0 39.884 111.41 -271.95 -132.39 207.46 -296.81 0 0 0
18.637 23.099 -211.89 47.673 51.761 -241.01 -18.689 180.29 -296.6 0 0 0 40.083 111.16 -271.72 -131.93 207.52 -296.69 0 0 0
18.533 22.755 -211.92 47.76 51.438 -240.82 -18.37 180.19 -296.48 0 0 0 40.295 110.86 -271.62 -131.6 207.66 -296.36 0 0 0
18.442 22.371 -211.71 47.817 50.937 -240.44 -18.007 179.88 -296.29 0 0 0 40.474 110.32 -271.33 -131.14 207.71 -296.19 0 0 0
18.413 22.23 -211.44 47.826 50.683 -240.16 -17.877 179.7 -296.12 0 0 0 40.434 110.07 -271.16 -130.91 207.68 -296.04 0 0 0
18.377 22.005 -211.47 47.784 50.547 -240.02 -17.763 179.67 -295.9 0 0 0 40.458 110 -271.05 -130.75 207.84 -295.61 0 0 0
18.368 21.729 -211.63 47.787 50.371 -239.89 -17.618 179.62 -295.81 0 0 0 40.516 109.85 -270.96 -130.64 208.02 -295.37 0 0 0
18.262 21.402 -211.6 47.694 50.068 -239.68 -17.34 179.5 -295.63 0 0 0 40.624 109.57 -270.78 -130.23 208.12 -295.13 0 0 0
18.113 21.226 -211.33 47.416 49.827 -239.51 -17.265 179.34 -295.37 0 0 0 40.598 109.32 -270.6 -129.96 208.42 -294.94 0 0 0
18.053 21.116 -211.3 47.316 49.793 -239.39 -17.312 179.3 -295.18 0 0 0 40.577 109.27 -270.51 -130.05 208.51 -294.5 0 0 0
18.042 21.113 -211.29 47.243 49.823 -239.34 -17.345 179.34 -295.01 0 0 0 40.572 109.33 -270.45 -130.17 208.55 -294.01 0 0 0
17.99 21.105 -211.15 47.152 49.799 -239.25 -17.317 179.37 -294.94 0 0 0 40.567 109.31 -270.36 -129.99 208.76 -293.87 0 0 0
17.808 20.952 -210.85 47.018 49.508 -239.01 -17.093 179.27 -294.8 0 0 0 40.647 109.06 -270.2 -129.56 208.98 -293.7 0 0 0
17.877 20.98 -210.71 46.996 49.504 -239.02 -17.252 179.22 -294.52 0 0 0 40.583 109.06 -270.16 -129.74 209.02 -293.72 0 0 0
18.018 21.263 -210.71 46.887 49.859 -239.27 -17.781 179.41 -294.32 0 0 0 40.269 109.44 -270.27 -130.25 209.28 -293.21 0 0 0
18.189 21.638 -210.76 46.74 50.336 -239.6 -18.431 179.69 -294.16 0 0 0 39.871 109.97 -270.44 -130.88 209.61 -292.54 0 0 0
18.392 21.886 -210.67 46.565 50.548 -239.81 -18.749 179.81 -294.06 0 0 0 39.682 110.23 -270.5 -131.19 209.73 -292.54 0 0 0
18.594 22.134 -210.59 46.39 50.76 -240.03 -19.066 179.94 -293.96 0 0 0 39.494 110.49 -270.56 -131.51 209.84 -292.55 0 0 0
18.718 22.221 -210.46 46.236 50.786 -240.15 -19.156 179.98 -293.91 0 0 0 39.426 110.56 -270.59 -131.61 209.91 -292.71 0 0 0
18.702 22.019 -210.23 46.12 50.477 -240.1 -18.834 179.87 -293.97 0 0 0 39.574 110.3 -270.55 -131.34 209.9 -293.16 0 0 0
18.686 21.818 -210.01 46.005 50.168 -240.05 -18.513 179.75 -294.02 0 0 0 39.722 110.03 -270.51 -131.07 209.88 -293.61 0 0 0
18.49 21.591 -209.75 45.923 49.811 -239.92 -18.106 179.63 -293.95 0 0 0 39.923 109.76 -270.42 -130.57 209.89 -293.8 0 0 0
18.24 21.278 -209.59 45.885 49.435 -239.69 -17.678 179.43 -293.89 0 0 0 40.172 109.35 -270.27 -130.05 209.94 -293.97 0 0 0
17.782 20.901 -209.36 45.798 48.899 -239.31 -17.056 179.15 -293.82 0 0 0 40.495 108.8 -270.02 -129.34 210.06 -294.38 0 0 0
17.758 20.91 -209.44 45.796 49.081 -239.35 -17.209 179.29 -294.05 0 0 0 40.444 108.88 -270.14 -129.36 210.34 -294.4 0 0 0
17.628 20.937 -209.4 45.752 49.027 -239.3 -17.248 179.29 -293.98 0 0 0 40.44 108.8 -270.11 -129.23 210.5 -294.51 0 0 0
17.446 20.691 -209.39 45.673 49.094 -239.02 -17.349 179.28 -293.93 0 0 0 40.425 108.75 -269.99 -129.21 210.47 -294.36 0 0 0
17.433 20.606 -209.5 45.656 49.351 -239.06 -17.643 179.43 -293.96 0 0 0 40.299 109 -270.06 -129.19 210.43 -294.24 0 0 0
17.318 20.378 -209.6 45.639 49.303 -238.92 -17.508 179.4 -294.09 0 0 0 40.339 109 -270.09 -129.19 210.59 -294.41 0 0 0
17.233 20.204 -209.67 45.663 49.281 -238.85 -17.412 179.35 -294.2 0 0 0 40.463 108.89 -270.13 -129.34 210.61 -294.65 0 0 0
17.068 20.007 -209.58 45.616 49.094 -238.73 -17.157 179.26 -294.31 0 0 0 40.583 108.75 -270.15 -129.01 210.49 -295.01 0 0 0
16.838 19.812 -209.41 45.541 48.82 -238.54 -16.839 179.13 -294.38 0 0 0 40.768 108.5 -270.13 -128.67 210.36 -295.43 0 0 0
16.712 19.63 -209.3 45.495 48.715 -238.33 -16.614 179.03 -294.4 0 0 0 40.91 108.33 -270.11 -128.5 210.35 -295.7 0 0 0
16.596 19.527 -209.2 45.389 48.716 -238.17 -16.576 178.99 -294.43 0 0 0 40.908 108.25 -270.12 -128.6 210.31 -296.13 0 0 0
16.503 19.457 -209.13 45.366 48.673 -237.99 -16.504 178.93 -294.42 0 0 0 40.907 108.16 -270.04 -128.55 210.19 -296.41 0 0 0
16.438 19.345 -209.12 45.284 48.693 -237.95 -16.519 178.93 -294.38 0 0 0 40.895 108.15 -270.14 -128.66 209.99 -296.96 0 0 0
16.362 19.155 -209.09 45.194 48.461 -237.96 -16.332 178.88 -294.21 0 0 0 40.939 108 -270.06 -128.47 209.68 -297.67 0 0 0
16.305 19.104 -209.05 45.133 48.424 -237.91 -16.236 178.88 -294.23 0 0 0 40.955 107.96 -270.04 -128.4 209.56 -297.86 0 0 0
16.289 19.056 -208.96 45.086 48.346 -237.86 -16.141 178.87 -294.28 0 0 0 40.983 107.91 -270.04 -128.3 209.49 -298.07 0 0 0
16.231 19.059 -208.69 45.021 48.228 -237.72 -15.975 178.76 -294.34 0 0 0 41.053 107.75 -270.03 -128.14 209.42 -298.13 0 0 0
16.139 19.078 -208.49 44.957 48.133 -237.65 -15.859 178.68 -294.31 0 0 0 41.092 107.62 -270 -128.02 209.36 -298.15 0 0 0
16.023 19.025 -208.36 44.892 47.954 -237.6 -15.647 178.59 -294.2 0 0 0 41.154 107.47 -269.92 -127.82 209.3 -298.24 0 0 0
15.768 18.784 -208.1 44.816 47.534 -237.28 -15.059 178.33 -294.18 0 0 0 41.445 107.01 -269.66 -127.22 208.97 -298.5 0 0 0
15.452 18.506 -207.83 44.744 47.136 -236.91 -14.528 178.12 -294.2 0 0 0 41.732 106.5 -269.42 -126.44 208.53 -298.77 0 0 0
15.247 18.369 -207.68 44.631 46.85 -236.72 -14.186 178.03 -294.11 0 0 0 41.834 106.18 -269.34 -125.92 208.15 -299.1 0 0 0
15.011 18.222 -207.51 44.534 46.667 -236.55 -13.826 177.84 -294.15 0 0 0 41.928 105.9 -269.21 -125.77 208.02 -299.35 0 0 0
14.788 18.103 -207.34 44.456 46.437 -236.38 -13.492 177.63 -294.29 0 0 0 42.08 105.62 -269.22 -125.44 207.87 -299.5 0 0 0
14.571 17.974 -207.19 44.368 46.207 -236.21 -13.175 177.49 -294.31 0 0 0 42.179 105.38 -269.16 -125.1 207.72 -299.62 0 0 0
12.339 15.31 -177.49 37.967 39.46 -202.35 -11.081 152.05 -252.26 0 0 0 36.2 90.176 -230.63 -107.03 177.96 -256.89 0 0 0
2.7421 3.4022 -39.443 8.4371 8.769 -44.967 -2.4625 33.79 -56.057 0 0 0 8.0445 20.039 -51.252 -23.784 39.546 -57.087 0 0 0
