-93.743 161.71 -205.08 -33.53 56.748 -64.713 0 0 0 0 0 0 0 0 0 0 0 0 0 0 0
-93.793 161.7 -205.1 -33.565 56.715 -64.743 0 0 0 0 0 0 0 0 0 0 0 0 0 0 0
-93.797 161.64 -204.95 -33.587 56.695 -64.763 0 0 0 0 0 0 0 0 0 0 0 0 0 0 0
-106.89 183.82 -232.77 -33.611 56.672 -64.784 0 0 0 0 0 0 0 0 0 0 0 0 0 0 0
-126.33 217.02 -274.38 -33.642 56.644 -64.811 0 0 0 0 0 0 0 0 0 0 0 0 0 0 0
-125.53 216.75 -272.99 -33.678 56.612 -64.843 0 0 0 0 0 0 0 0 0 0 0 0 0 0 0
-124.69 216.55 -271.27 -33.712 56.582 -64.873 0 0 0 0 0 0 0 0 0 0 0 0 0 0 0
-123.67 215.88 -270.98 -33.758 56.54 -64.912 0 0 0 0 0 0 0 0 0 0 0 0 0 0 0
-122.25 214.72 -268.42 -33.803 56.498 -64.953 0 0 0 0 0 0 0 0 0 0 0 0 0 0 0
-121.61 214.43 -268.46 -33.826 56.477 -64.972 0 0 0 0 0 0 0 0 0 0 0 0 0 0 0
-120.59 214.08 -268.62 -33.849 56.457 -64.993 0 0 0 0 0 0 0 0 0 0 0 0 0 0 0
-119.19 213.67 -268.88 -33.873 56.435 -65.013 0 0 0 0 0 0 0 0 0 0 0 0 0 0 0
-118.05 212.68 -268.82 -33.914 56.397 -65.05 0 0 0 0 0 0 0 0 0 0 0 0 0 0 0
-116.42 212.37 -268.99 -33.949 56.365 -65.08 0 0 0 0 0 0 0 0 0 0 0 0 0 0 0
-115.13 212.49 -268.73 -33.986 56.332 -65.112 0 0 0 0 0 0 0 0 0 0 0 0 0 0 0
-114.61 212.36 -268.86 -34.025 56.295 -65.147 0 0 0 0 0 0 0 0 0 0 0 0 0 0 0
-113.71 212.28 -268.82 -34.06 56.264 -65.177 0 0 0 0 0 0 0 0 0 0 0 0 0 0 0
-112.84 212.29 -268.76 -34.099 56.227 -65.213 0 0 0 0 0 0 0 0 0 0 0 0 0 0 0
-111.77 212.27 -268.47 -34.145 56.188 -65.252 0 0 0 0 0 0 0 0 0 0 0 0 0 0 0
-111.78 212.21 -268.45 -34.168 56.166 -65.272 0 0 0 0 0 0 0 0 0 0 0 0 0 0 0
-111.47 212.1 -268.46 -34.191 56.145 -65.293 0 0 0 0 0 0 0 0 0 0 0 0 0 0 0
-110.86 211.95 -268.51 -34.212 56.125 -65.313 0 0 0 0 0 0 0 0 0 0 0 0 0 0 0
-110.14 211.65 -268.36 -34.248 56.093 -65.343 0 0 0 0 0 0 0 0 0 0 0 0 0 0 0
-109.79 211.61 -268.39 -34.287 56.058 -65.377 0 0 0 0 0 0 0 0 0 0 0 0 0 0 0
-109.59 211.51 -268.44 -34.327 56.02 -65.412 0 0 0 0 0 0 0 0 0 0 0 0 0 0 0
-109.26 211.47 -268.39 -34.373 55.978 -65.453 0 0 0 0 0 0 0 0 0 0 0 0 0 0 0
-108.45 211.31 -268.66 -34.409 55.945 -65.485 0 0 0 0 0 0 0 0 0 0 0 0 0 0 0
-108.2 211.25 -268.78 -34.444 55.913 -65.515 0 0 0 0 0 0 0 0 0 0 0 0 0 0 0
-107.78 211.14 -268.79 -34.479 55.883 -65.545 0 0 0 0 0 0 0 0 0 0 0 0 0 0 0
-107.42 211.01 -268.69 -34.512 55.852 -65.575 0 0 0 0 0 0 0 0 0 0 0 0 0 0 0
-107.27 211 -268.76 -34.546 55.821 -65.605 0 0 0 0 0 0 0 0 0 0 0 0 0 0 0
-106.66 210.96 -268.96 -34.581 55.79 -65.635 0 0 0 0 0 0 0 0 0 0 0 0 0 0 0
-106.32 210.86 -269.05 -34.614 55.758 -65.665 0 0 0 0 0 0 0 0 0 0 0 0 0 0 0
-106.1 210.75 -269.03 -34.649 55.727 -65.695 0 0 0 0 0 0 0 0 0 0 0 0 0 0 0
-105.75 210.69 -269.03 -34.684 55.696 -65.725 0 0 0 0 0 0 0 0 0 0 0 0 0 0 0
-105.37 210.62 -269.07 -34.717 55.665 -65.755 0 0 0 0 0 0 0 0 0 0 0 0 0 0 0
-104.97 210.6 -269.16 -34.751 55.633 -65.783 0 0 0 0 0 0 0 0 0 0 0 0 0 0 0
-104.77 210.63 -269.25 -34.786 55.602 -65.813 0 0 0 0 0 0 0 0 0 0 0 0 0 0 0
-104.46 210.54 -269.23 -34.819 55.571 -65.843 0 0 0 0 0 0 0 0 0 0 0 0 0 0 0
-103.8 210.47 -269.4 -34.854 55.54 -65.873 0 0 0 0 0 0 0 0 0 0 0 0 0 0 0
-103.13 210.39 -269.55 -34.889 55.508 -65.903 0 0 0 0 0 0 0 0 0 0 0 0 0 0 0
-102.89 210.32 -269.6 -34.922 55.477 -65.933 0 0 0 0 0 0 0 0 0 0 0 0 0 0 0
-102.37 210.23 -269.76 -34.956 55.447 -65.963 0 0 0 0 0 0 0 0 0 0 0 0 0 0 0
-101.82 210.11 -269.86 -34.991 55.416 -65.993 0 0 0 0 0 0 0 0 0 0 0 0 0 0 0
-101.64 210.17 -270.02 -35.026 55.385 -66.022 0 0 0 0 0 0 0 0 0 0 0 0 0 0 0
-100.59 210.08 -270.1 -35.059 55.353 -66.052 0 0 0 0 0 0 0 0 0 0 0 0 0 0 0
-99.755 209.99 -270.21 -35.094 55.322 -66.082 0 0 0 0 0 0 0 0 0 0 0 0 0 0 0
-99.104 209.89 -270.36 -35.129 55.291 -66.112 0 0 0 0 0 0 0 0 0 0 0 0 0 0 0
-98.729 209.81 -270.41 -35.162 55.26 -66.142 0 0 0 0 0 0 0 0 0 0 0 0 0 0 0
-98.02 209.7 -270.62 -35.196 55.228 -66.172 0 0 0 0 0 0 0 0 0 0 0 0 0 0 0
-96.981 209.51 -270.71 -35.231 55.197 -66.203 0 0 0 0 0 0 0 0 0 0 0 0 0 0 0
-96.705 209.46 -270.72 -35.264 55.166 -66.233 0 0 0 0 0 0 0 0 0 0 0 0 0 0 0
-96.221 209.42 -270.91 -35.299 55.135 -66.263 0 0 0 0 0 0 0 0 0 0 0 0 0 0 0
-95.543 209.31 -271.08 -35.334 55.103 -66.293 0 0 0 0 0 0 0 0 0 0 0 0 0 0 0
-93.418 209.12 -271.49 -114.86 178.08 -215.33 0 0 0 0 0 0 0 0 0 0 0 0 0 0 0
-92.32 209.06 -271.72 -141.47 219 -265.11 0 0 0 0 0 0 0 0 0 0 0 0 0 0 0
-91.723 209.04 -271.85 -141.6 218.89 -265.24 0 0 0 0 0 0 0 0 0 0 0 0 0 0 0
-91.358 209.03 -271.98 -141.71 218.74 -265.37 0 0 0 0 0 0 0 0 0 0 0 0 0 0 0
-90.848 209 -272.13 -141.78 218.6 -265.52 0 0 0 0 0 0 0 0 0 0 0 0 0 0 0
-90.317 208.93 -272.23 -141.71 218.48 -265.7 0 0 0 0 0 0 0 0 0 0 0 0 0 0 0
-90.105 208.89 -272.27 -141.54 218.35 -265.94 0 0 0 0 0 0 0 0 0 0 0 0 0 0 0
-89.885 208.83 -272.27 -141.32 218.3 -266.07 0 0 0 0 0 0 0 0 0 0 0 0 0 0 0
-89.579 208.77 -272.3 -141.08 218.24 -266.39 0 0 0 0 0 0 0 0 0 0 0 0 0 0 0
-89.379 208.74 -272.33 -140.82 218.25 -266.67 0 0 0 0 0 0 0 0 0 0 0 0 0 0 0
-89.237 208.72 -272.34 -140.53 218.28 -266.78 0 0 0 0 0 0 0 0 0 0 0 0 0 0 0
-88.791 208.72 -272.48 -140.1 218.27 -267.34 0 0 0 0 0 0 0 0 0 0 0 0 0 0 0
-87.537 208.63 -272.65 -138.68 218.78 -268.28 0 0 0 0 0 0 0 0 0 0 0 0 0 0 0
-86.108 208.44 -272.8 -137.05 219.05 -269.06 0 0 0 0 0 0 0 0 0 0 0 0 0 0 0
-85.369 208.3 -272.86 -136.24 219.19 -269.49 0 0 0 0 0 0 0 0 0 0 0 0 0 0 0
-84.841 208.18 -272.9 -135.59 219.26 -269.69 0 0 0 0 0 0 0 0 0 0 0 0 0 0 0
-84.53 208.1 -272.92 -135.16 219.25 -269.7 0 0 0 0 0 0 0 0 0 0 0 0 0 0 0
-84.065 208.05 -272.92 -134.92 219.14 -269.68 0 0 0 0 0 0 0 0 0 0 0 0 0 0 0
-83.369 207.87 -272.9 -134.3 219.12 -269.65 0 0 0 0 0 0 0 0 0 0 0 0 0 0 0
-82.757 207.7 -273 -133.57 218.95 -269.72 0 0 0 0 0 0 0 0 0 0 0 0 0 0 0
-81.373 207.34 -273.15 -132.35 218.52 -269.86 0 0 0 0 0 0 0 0 0 0 0 0 0 0 0
-80.743 207.19 -273.23 -131.92 218.25 -269.81 0 0 0 0 0 0 0 0 0 0 0 0 0 0 0
-80.344 207.16 -273.28 -131.49 218.05 -269.75 0 0 0 0 0 0 0 0 0 0 0 0 0 0 0
-79.937 207.15 -273.36 -130.89 217.91 -269.74 0 0 0 0 0 0 0 0 0 0 0 0 0 0 0
-79.466 207.09 -273.49 -130.46 217.68 -269.65 0 0 0 0 0 0 0 0 0 0 0 0 0 0 0
-78.919 207 -273.59 -129.83 217.33 -269.61 0 0 0 0 0 0 0 0 0 0 0 0 0 0 0
-78.522 206.95 -273.63 -129.29 217.18 -269.59 0 0 0 0 0 0 0 0 0 0 0 0 0 0 0
-78.032 206.93 -273.61 -128.79 217.24 -269.35 0 0 0 0 0 0 0 0 0 0 0 0 0 0 0
-77.791 206.89 -273.55 -128.47 217.49 -269.35 0 0 0 0 0 0 0 0 0 0 0 0 0 0 0
-77.293 206.88 -273.64 -128.02 217.83 -269.46 0 0 0 0 0 0 0 0 0 0 0 0 0 0 0
-77.025 206.85 -273.69 -127.67 218.09 -269.57 0 0 0 0 0 0 0 0 0 0 0 0 0 0 0
-76.79 206.85 -273.69 -127.41 218.23 -269.38 0 0 0 0 0 0 0 0 0 0 0 0 0 0 0
-75.655 206.59 -274 -126.53 217.93 -269.97 0 0 0 0 0 0 0 0 0 0 0 0 0 0 0
-75.42 206.54 -274.08 -126.19 217.62 -270.1 0 0 0 0 0 0 0 0 0 0 0 0 0 0 0
-75.085 206.49 -274.01 -125.84 217.16 -270.16 0 0 0 0 0 0 0 0 0 0 0 0 0 0 0
-74.985 206.5 -274.09 -125.67 217.14 -270.26 0 0 0 0 0 0 0 0 0 0 0 0 0 0 0
-74.623 206.41 -274.1 -125.56 216.79 -270.16 0 0 0 0 0 0 0 0 0 0 0 0 0 0 0
-74.535 206.38 -274.17 -125.39 216.86 -270.28 0 0 0 0 0 0 0 0 0 0 0 0 0 0 0
-74.24 206.31 -274.2 -125.11 216.8 -270.3 0 0 0 0 0 0 0 0 0 0 0 0 0 0 0
-73.653 206.16 -274.26 -124.47 216.76 -270.38 0 0 0 0 0 0 0 0 0 0 0 0 0 0 0
-73.091 206.1 -274.28 -123.83 216.61 -270.52 0 0 0 0 0 0 0 0 0 0 0 0 0 0 0
-72.35 205.99 -274.4 -123.03 216.51 -270.79 0 0 0 0 0 0 0 0 0 0 0 0 0 0 0
-71.961 205.88 -274.49 -122.56 216.5 -270.83 0 0 0 0 0 0 0 0 0 0 0 0 0 0 0
-71.44 205.79 -274.59 -122.07 216.37 -270.88 0 0 0 0 0 0 0 0 0 0 0 0 0 0 0
-70.853 205.74 -274.74 -121.58 216.34 -271.05 0 0 0 0 0 0 0 0 0 0 0 0 0 0 0
-70.438 205.71 -274.79 -120.96 216.27 -271.14 0 0 0 0 0 0 0 0 0 0 0 0 0 0 0
-70.056 205.63 -274.81 -120.53 216.11 -271.15 0 0 0 0 0 0 0 0 0 0 0 0 0 0 0
-68.265 205.22 -275.06 -119.05 215.63 -271.61 0 0 0 0 0 0 0 0 0 0 0 0 0 0 0
-66.304 204.82 -275.39 -117.14 215.06 -272.01 0 0 0 0 0 0 0 0 0 0 0 0 0 0 0
-65.237 204.6 -275.39 -116.24 214.82 -272.16 0 0 0 0 0 0 0 0 0 0 0 0 0 0 0
-63.737 204.31 -275.54 -114.73 214.56 -272.2 0 0 0 0 0 0 0 0 0 0 0 0 0 0 0
-62.813 204.15 -275.55 -113.84 214.49 -272.28 0 0 0 0 0 0 0 0 0 0 0 0 0 0 0
-62.309 204.03 -275.59 -113.51 214.37 -272.23 0 0 0 0 0 0 0 0 0 0 0 0 0 0 0
-62.138 203.93 -275.54 -113.23 214.26 -272.15 0 0 0 0 0 0 0 0 0 0 0 0 0 0 0
-61.966 203.82 -275.49 -112.96 214.14 -272.07 0 0 0 0 0 0 0 0 0 0 0 0 0 0 0
-61.853 203.74 -275.44 -112.79 214.08 -272.02 0 0 0 0 0 0 0 0 0 0 0 0 0 0 0
-61.798 203.68 -275.39 -112.74 214.07 -272 0 0 0 0 0 0 0 0 0 0 0 0 0 0 0
-61.743 203.62 -275.33 -112.68 214.06 -271.97 0 0 0 0 0 0 0 0 0 0 0 0 0 0 0
-61.76 203.59 -275.32 -112.85 214.09 -272.07 0 0 0 0 0 0 0 0 0 0 0 0 0 0 0
-61.542 203.45 -275.34 -112.38 213.97 -271.45 0 0 0 0 0 0 0 0 0 0 0 0 0 0 0
-61.141 203.36 -275.35 -112.02 213.92 -271.41 0 0 0 0 0 0 0 0 0 0 0 0 0 0 0
-61.06 203.32 -275.36 -111.94 214.03 -271.56 0 0 0 0 0 0 0 0 0 0 0 0 0 0 0
-60.816 203.27 -275.41 -111.63 214.13 -271.41 0 0 0 0 0 0 0 0 0 0 0 0 0 0 0
-60.522 203.22 -275.46 -111.25 214.19 -271.17 0 0 0 0 0 0 0 0 0 0 0 0 0 0 0
-60.266 203.16 -275.45 -110.92 214.13 -271.05 0 0 0 0 0 0 0 0 0 0 0 0 0 0 0
-59.523 203.02 -275.46 -110.18 214.08 -271.03 0 0 0 0 0 0 0 0 0 0 0 0 0 0 0
-58.373 202.88 -275.58 -109.15 213.99 -271.26 0 0 0 0 0 0 0 0 0 0 0 0 0 0 0
-57.56 202.7 -275.67 -108.29 213.83 -271.36 0 0 0 0 0 0 0 0 0 0 0 0 0 0 0
-57.712 202.82 -275.71 -108.4 214 -271.23 0 0 0 0 0 0 0 0 0 0 0 0 0 0 0
-56.999 202.63 -275.77 -107.46 213.91 -271.26 0 0 0 0 0 0 0 0 0 0 0 0 0 0 0
-53.328 201.59 -276.1 -103.98 212.75 -271.93 0 0 0 0 0 0 0 0 0 0 0 0 0 0 0
-50.459 200.84 -276.34 -101.26 211.95 -272.43 0 0 0 0 0 0 0 0 0 0 0 0 0 0 0
-49.67 200.77 -276.35 -100.45 212.01 -272.48 0 0 0 0 0 0 0 0 0 0 0 0 0 0 0
-49.15 200.66 -276.28 -99.978 211.91 -272.49 0 0 0 0 0 0 0 0 0 0 0 0 0 0 0
-47.923 200.28 -276.35 -98.744 211.67 -272.44 0 0 0 0 0 0 0 0 0 0 0 0 0 0 0
-47.103 200.03 -276.4 -97.972 211.46 -272.58 0 0 0 0 0 0 0 0 0 0 0 0 0 0 0
-46.133 199.86 -276.5 -96.815 211.36 -272.57 0 0 0 0 0 0 0 0 0 0 0 0 0 0 0
-46.095 199.81 -276.56 -96.789 211.34 -272.59 0 0 0 0 0 0 0 0 0 0 0 0 0 0 0
-46.057 199.76 -276.63 -96.763 211.32 -272.62 0 0 0 0 0 0 0 0 0 0 0 0 0 0 0
-46.165 199.74 -276.67 -96.778 211.39 -272.51 0 0 0 0 0 0 0 0 0 0 0 0 0 0 0
-46.321 199.72 -276.7 -96.808 211.49 -272.36 0 0 0 0 0 0 0 0 0 0 0 0 0 0 0
-46.12 199.6 -276.76 -96.489 211.52 -272.32 0 0 0 0 0 0 0 0 0 0 0 0 0 0 0
-44.793 199.18 -276.63 -95.339 211.34 -272.63 0 0 0 0 0 0 0 0 0 0 0 0 0 0 0
-43.315 198.83 -276.7 -94.517 211.24 -273.11 0 0 0 0 0 0 0 0 0 0 0 0 0 0 0
-43.112 198.72 -276.73 -94.16 211.32 -272.95 0 0 0 0 0 0 0 0 0 0 0 0 0 0 0
-42.998 198.62 -276.67 -94.123 210.99 -272.97 0 0 0 0 0 0 0 0 0 0 0 0 0 0 0
-42.578 198.53 -276.78 -93.155 210.77 -273.31 0 0 0 0 0 0 0 0 0 0 0 0 0 0 0
-41.943 198.31 -276.59 -92.29 210.69 -273.34 0 0 0 0 0 0 0 0 0 0 0 0 0 0 0
-40.3 197.86 -276.68 -91.022 210.47 -273.39 0 0 0 0 0 0 0 0 0 0 0 0 0 0 0
-39.145 197.39 -276.92 -89.82 210.2 -273.38 0 0 0 0 0 0 0 0 0 0 0 0 0 0 0
-38.758 197.24 -276.97 -88.985 210.06 -273.59 0 0 0 0 0 0 0 0 0 0 0 0 0 0 0
-36.578 196.35 -277.05 -87.025 209.5 -273.87 0 0 0 0 0 0 0 0 0 0 0 0 0 0 0
-35.515 195.95 -276.98 -85.897 209.27 -273.91 0 0 0 0 0 0 0 0 0 0 0 0 0 0 0
-33.873 195.36 -277.05 -84.266 208.78 -274.03 0 0 0 0 0 0 0 0 0 0 0 0 0 0 0
-32.142 194.74 -277.1 -82.483 208.35 -274.08 0 0 0 0 0 0 0 0 0 0 0 0 0 0 0
-31.422 194.46 -277.08 -81.725 208.1 -273.98 0 0 0 0 0 0 0 0 0 0 0 0 0 0 0
-29.332 193.66 -277.38 -79.569 207.53 -274.22 0 0 0 0 0 0 0 0 0 0 0 0 0 0 0
-28.669 193.41 -277.37 -78.859 207.32 -274.21 0 0 0 0 0 0 0 0 0 0 0 0 0 0 0
-27.72 193.03 -277.51 -77.912 207.04 -274.24 0 0 0 0 0 0 0 0 0 0 0 0 0 0 0
-23.942 191.45 -277.5 -74.002 206.12 -274.28 0 0 0 0 0 0 -142.78 216.54 -270.4 0 0 0 0 0 0
-21.75 190.52 -277.6 -71.64 205.68 -274.21 0 0 0 0 0 0 -140.29 217.31 -270.83 0 0 0 0 0 0
-20.922 190.06 -277.61 -70.748 205.2 -274.14 0 0 0 0 0 0 -139.35 217.03 -270.08 0 0 0 0 0 0
-20.828 190.02 -277.67 -70.635 205.21 -274.17 0 0 0 0 0 0 -139.45 216.87 -270.06 0 0 0 0 0 0
-20.655 189.97 -277.66 -70.435 205.15 -274.12 0 0 0 0 0 0 -139.28 216.83 -269.98 0 0 0 0 0 0
-19.817 189.58 -277.69 -69.698 204.72 -273.96 0 0 0 0 0 0 -138.1 217.06 -270.09 0 0 0 0 0 0
-19.613 189.41 -277.55 -69.537 204.57 -273.97 0 0 0 0 0 0 -138.62 215.73 -270.14 0 0 0 0 0 0
-19.289 189.28 -277.65 -69.179 204.59 -274.02 0 0 0 0 0 0 -138.12 216.13 -269.74 0 0 0 0 0 0
-18.673 188.91 -277.64 -68.495 204.33 -274.02 0 0 0 0 0 0 -137.29 216.33 -268.95 0 0 0 0 0 0
-18.835 188.9 -277.65 -68.69 204.27 -274.02 0 0 0 0 0 0 -137.38 216.31 -268.23 0 0 0 0 0 0
-19.462 189.12 -277.66 -69.412 204.32 -274.02 0 0 0 0 0 0 -138 216.16 -267.57 0 0 0 0 0 0
-19.689 189.24 -277.61 -69.665 204.36 -273.99 0 0 0 0 0 0 -137.98 216.18 -267.57 0 0 0 0 0 0
-22.097 190.22 -277.54 -72.26 204.9 -274.31 0 0 0 0 0 0 -138.75 215.91 -267.26 0 0 0 0 0 0
-23.905 190.85 -277.52 -73.978 205.42 -273.95 0 0 0 0 0 0 -139.54 217.97 -266.82 0 0 0 0 0 0
-24.317 191 -277.45 -74.4 205.51 -273.73 0 0 0 0 0 0 -139.49 219.03 -266.81 0 0 0 0 0 0
-25.092 191.33 -277.53 -75.384 205.54 -274.03 0 0 0 0 0 0 -139.22 218.92 -267.57 0 0 0 0 0 0
-25.428 191.38 -277.26 -75.581 205.57 -273.97 0 0 0 0 0 0 -139.48 218.48 -269.51 0 0 0 0 0 0
-25.528 191.43 -277.13 -75.558 205.73 -273.72 0 0 0 0 0 0 -139.42 218.04 -270.05 0 0 0 0 0 0
-24.938 191.39 -277.22 -75.103 206.19 -274.15 0 0 0 0 0 0 -138.99 218.03 -270.07 0 0 0 0 0 0
-25.519 191.53 -277.23 -75.572 206.24 -273.96 0 0 0 0 0 0 -139.88 218.13 -270.54 0 0 0 0 0 0
-25.64 191.53 -277.27 -75.656 206.09 -273.95 0 0 0 0 0 0 -140.32 218.28 -270.9 0 0 0 0 0 0
-24.994 191.31 -277.38 -75.097 205.61 -274.25 0 0 0 0 0 0 -140 218.54 -271.08 0 0 0 0 0 0
-24.446 191.05 -277.52 -74.579 205.33 -274.32 0 0 0 0 0 0 -139.82 218.71 -271.17 0 0 0 0 0 0
-23.253 190.49 -277.59 -73.232 205.12 -274.07 0 0 0 0 0 0 -138.74 219.4 -271.29 0 0 0 0 0 0
-22.324 190.13 -277.57 -72.21 205 -273.87 0 0 0 0 0 0 -138.07 219.83 -271.49 0 0 0 0 0 0
-21.819 189.92 -277.5 -71.746 204.79 -273.84 0 0 0 0 0 0 -137.87 220.01 -271.59 0 0 0 0 0 0
-19.384 188.89 -277.55 -69.228 204.2 -273.99 0 0 0 0 0 0 -136.67 220.41 -271.83 0 0 0 0 0 0
-18.24 188.36 -277.61 -68.02 203.96 -274.13 0 0 0 0 0 0 -136.02 220.2 -272.07 0 0 0 0 0 0
-15.331 187.09 -277.6 -64.948 203.16 -274.1 0 0 0 0 0 0 -132.94 219.71 -272.51 0 0 0 0 0 0
-13.485 186.24 -277.66 -63.172 202.69 -274.05 0 0 0 0 0 0 -130.97 219.24 -272.53 0 0 0 0 0 0
-12.066 185.5 -277.76 -61.487 202.27 -274.11 0 0 0 0 0 0 -129.56 219.22 -272.93 0 0 0 0 0 0
-10.061 184.41 -277.75 -59.291 201.65 -274.32 0 0 0 0 0 0 -127.12 219.18 -272.54 0 0 0 0 0 0
-8.7169 183.7 -277.8 -57.888 201.21 -274.33 0 0 0 0 0 0 -125.39 219.16 -272.19 0 0 0 0 0 0
-7.5925 183.09 -277.78 -56.688 200.82 -274.32 0 0 0 0 0 0 -124.11 218.67 -272.02 0 0 0 0 0 0
-6.3746 182.35 -277.85 -55.279 200.41 -274.28 0 0 0 0 0 0 -122.66 218.31 -271.74 0 0 0 0 0 0
-5.3956 181.71 -277.87 -54.208 200.13 -274.3 0 0 0 0 0 0 -121.77 218.16 -271.45 0 0 0 0 0 0
-3.825 180.74 -277.72 -52.474 199.65 -274.36 0 0 0 0 0 0 -120.17 217.68 -271.55 0 0 0 0 0 0
-2.2969 179.76 -277.66 -50.737 199.1 -274.33 0 0 0 0 0 0 -118.08 217.26 -271.41 0 0 0 0 0 0
-1.185 179 -277.55 -49.517 198.71 -274.4 0 0 0 0 0 0 -116.98 216.96 -271.61 0 0 0 0 0 0
0.043333 178.1 -277.53 -48.078 198.24 -274.6 0 0 0 0 0 0 -115.62 216.38 -271.47 0 0 0 0 0 0
0.41768 177.84 -277.51 -47.636 198.12 -274.61 0 0 0 0 0 0 -115.23 216.36 -271.64 0 0 0 0 0 0
1.0392 177.41 -277.52 -46.924 197.86 -274.71 0 0 0 0 0 0 -114.5 216.3 -271.75 0 0 0 0 0 0
1.6607 177 -277.52 -46.211 197.61 -274.82 0 0 0 0 0 0 -113.77 216.25 -271.87 0 0 0 0 0 0
1.6999 176.94 -277.56 -46.233 197.53 -274.98 0 0 0 0 0 0 -113.74 216.24 -271.69 0 0 0 0 0 0
1.656 176.94 -277.6 -46.358 197.48 -275.14 0 0 0 0 0 0 -113.8 216.24 -271.47 0 0 0 0 0 0
2.805 176.07 -277.57 -44.962 197.2 -275.1 0 0 0 0 0 0 -112.45 216.09 -271.28 0 0 0 0 0 0
3.2467 175.61 -277.65 -44.423 196.79 -275.26 0 0 0 0 0 0 -112.02 215.43 -271.36 0 0 0 0 0 0
4.535 174.6 -277.67 -42.883 196.51 -275.29 0 0 0 0 0 0 -110.42 215.46 -271.78 0 0 0 0 0 0
4.8925 174.26 -277.79 -42.468 196.44 -275.3 0 0 0 0 0 0 -110.08 215.61 -271.56 0 0 0 0 0 0
5.4775 173.72 -277.84 -41.7 196.16 -275.51 0 0 0 0 0 0 -109.21 215.14 -271.54 0 0 0 0 0 0
7.5064 172.18 -277.62 -39.293 195.31 -275.57 0 0 0 0 0 0 -106.84 214.36 -271.83 0 0 0 0 0 0
9.0225 170.84 -277.44 -37.443 194.66 -275.67 0 0 0 0 0 0 -104.86 213.75 -271.93 0 0 0 0 0 0
9.4462 170.44 -277.42 -36.943 194.42 -275.76 0 0 0 0 0 0 -104.38 213.63 -272.22 0 0 0 0 0 0
10.383 169.57 -277.36 -35.811 193.97 -275.85 0 0 0 0 0 0 -103.04 213.25 -272.1 0 0 0 0 0 0
11.435 168.62 -277.29 -34.516 193.48 -275.91 0 0 0 0 0 0 -101.59 212.87 -272 0 0 0 0 0 0
12.285 167.86 -277.2 -33.435 193.14 -276.11 0 0 0 0 0 0 -100.48 212.73 -272.05 0 0 0 0 0 0
12.88 167.14 -277.1 -32.613 192.75 -276.07 0 0 0 0 0 0 -99.447 212.27 -271.94 0 0 0 0 0 0
13.304 166.68 -277.12 -32.048 192.52 -276.11 0 0 0 0 0 0 -98.976 212.03 -272.21 0 0 0 0 0 0
13.674 166.29 -277.06 -31.568 192.33 -276.06 0 0 0 0 0 0 -98.598 211.83 -272.53 0 0 0 0 0 0
13.188 166.77 -277.01 -32.23 192.56 -275.9 0 0 0 0 0 0 -99.37 212.03 -272.32 0 0 0 0 0 0
12.744 167.25 -277 -32.771 192.75 -275.82 0 0 0 0 0 0 -100.09 212.21 -272.15 0 0 0 0 0 0
12.059 167.93 -277 -33.654 193.1 -275.72 0 0 0 0 0 0 -100.99 212.64 -272.19 0 0 0 0 0 0
11.979 168 -276.97 -33.845 193.14 -275.64 0 0 0 0 0 0 -101.05 212.72 -272.26 0 0 0 0 0 0
12.175 167.81 -276.94 -33.684 193.04 -275.62 0 0 0 0 0 0 -100.74 212.67 -272.36 0 0 0 0 0 0
12.916 167.07 -276.88 -32.791 192.72 -275.66 0 0 0 0 0 0 -100.11 212.38 -272.77 0 0 0 0 0 0
13.932 166.12 -276.85 -31.334 192.22 -275.74 0 0 0 0 0 0 -98.721 211.77 -272.66 0 0 0 0 0 0
14.712 165.28 -276.75 -30.279 191.79 -275.77 0 0 0 0 0 0 -97.651 211.38 -272.67 0 0 0 0 0 0
15.845 163.95 -276.6 -28.743 191.16 -275.9 0 0 0 0 0 0 -95.984 211 -273.05 0 0 0 0 0 0
17.104 162.55 -276.49 -27.035 190.51 -276.06 0 0 0 0 0 0 -94.191 210.48 -273.39 0 0 0 0 0 0
18.051 161.53 -276.44 -25.743 190.04 -276.15 0 0 0 0 0 0 -92.918 210.03 -273.53 0 0 0 0 0 0
18.789 160.62 -276.36 -24.677 189.59 -276.15 0 0 0 0 0 0 -91.811 209.81 -273.62 0 0 0 0 0 0
19.597 159.6 -276.24 -23.572 189.07 -276.09 0 0 0 0 0 0 -90.556 209.67 -273.53 0 0 0 0 0 0
19.682 159.47 -276.21 -23.436 188.92 -276.19 0 0 0 0 0 0 -90.381 209.69 -273.5 0 0 0 0 0 0
20.266 158.8 -276.18 -22.602 188.56 -276.26 0 0 0 0 0 0 -89.446 209.57 -273.47 0 0 0 0 0 0
21.392 157.51 -276.11 -21.027 187.94 -276.32 0 0 0 0 0 0 -87.696 209.33 -273.41 0 0 0 0 0 0
21.532 157.35 -276.1 -20.83 187.86 -276.33 0 0 0 0 0 0 -87.478 209.3 -273.4 0 0 0 0 0 0
22.206 156.42 -276.01 -19.699 187.46 -276.35 0 0 0 0 0 0 -86.351 209.13 -273.55 0 0 0 0 0 0
22.958 155.38 -275.96 -18.59 186.94 -276.45 0 0 0 0 0 0 -85.082 208.87 -273.59 0 0 0 0 0 0
23.64 154.49 -275.87 -17.61 186.45 -276.51 0 0 0 0 0 0 -84.022 208.72 -273.59 0 0 0 0 0 0
24.223 153.61 -275.7 -16.715 185.93 -276.53 0 0 0 0 0 0 -83.035 208.49 -273.64 0 0 0 0 0 0
25.191 151.98 -275.58 -15.124 185.04 -276.44 0 0 0 0 0 0 -81.291 208.03 -273.82 0 0 0 0 0 0
25.517 151.43 -275.5 -14.623 184.74 -276.48 0 0 0 0 0 0 -80.787 207.85 -273.94 0 0 0 0 0 0
26.14 150.6 -275.45 -13.72 184.25 -276.49 0 0 0 0 0 0 -79.682 207.69 -273.91 0 0 0 0 0 0
26.496 150.1 -275.4 -13.149 184 -276.57 0 0 0 0 0 0 -79.063 207.55 -273.96 0 0 0 0 0 0
27.007 149.27 -275.3 -12.335 183.51 -276.6 0 0 0 0 0 0 -78.214 207.38 -274.08 0 0 0 0 0 0
27.606 148.29 -275.2 -11.383 182.94 -276.6 0 0 0 0 0 0 -77.247 207.18 -274.21 0 0 0 0 0 0
27.989 147.6 -275.14 -10.734 182.57 -276.59 0 0 0 0 0 0 -76.55 207 -274.29 0 0 0 0 0 0
28.319 147.02 -275.07 -10.176 182.18 -276.61 0 0 0 0 0 0 -75.824 206.74 -274.39 0 0 0 0 0 0
28.621 146.61 -274.98 -9.7401 181.92 -276.53 0 0 0 0 0 0 -75.172 206.65 -274.4 0 0 0 0 0 0
28.686 146.51 -274.96 -9.641 181.85 -276.52 0 0 0 0 0 0 -75.064 206.64 -274.41 0 0 0 0 0 0
28.72 146.47 -274.95 -9.5925 181.82 -276.52 0 0 0 0 0 0 -75.028 206.65 -274.43 0 0 0 0 0 0
28.915 146.18 -274.92 -9.2867 181.7 -276.49 0 0 0 0 0 0 -74.556 206.59 -274.25 0 0 0 0 0 0
29.793 144.64 -274.73 -7.7741 180.67 -276.35 0 0 0 0 0 0 -72.833 206.33 -274.21 0 0 0 0 0 0
30.133 144.04 -274.66 -7.265 180.39 -276.36 0 0 0 0 0 0 -72.313 206.25 -274.24 0 0 0 0 0 0
30.7 143.08 -274.48 -6.3279 179.84 -276.27 0 0 0 0 0 0 -71.228 206.08 -274.32 0 0 0 0 0 0
31.064 142.35 -274.4 -5.7017 179.35 -276.24 0 0 0 0 0 0 -70.463 205.93 -274.32 0 0 0 0 0 0
31.403 141.84 -274.34 -5.1981 179.03 -276.27 0 0 0 0 0 0 -69.832 205.76 -274.25 0 0 0 0 0 0
31.393 141.71 -274.32 -5.1754 178.86 -276.27 0 0 0 0 0 0 -69.851 205.6 -274.21 0 0 0 0 0 0
30.952 142.09 -274.34 -5.8613 178.9 -276.41 0 0 0 0 0 0 -70.751 205.32 -274.22 0 0 0 0 0 0
29.986 143.51 -274.53 -7.5622 179.69 -276.78 0 0 0 0 0 0 -72.707 204.94 -273.96 0 0 0 0 0 0
29.155 144.56 -274.6 -8.71 180.29 -276.74 0 0 0 0 0 0 -74.21 205.24 -273.79 0 0 0 0 0 0
28.255 146.14 -274.89 -10.295 181.26 -277.25 0 0 0 0 0 0 -76.1 205.37 -273.79 0 0 0 0 0 0
27.789 146.81 -274.92 -11.038 181.6 -277.29 0 0 0 0 0 0 -76.618 205.14 -273.21 0 0 0 0 0 0
26.405 148.8 -275.18 -13.193 182.66 -277.61 0 0 0 0 0 0 -78.835 205.37 -272.65 0 0 0 0 0 0
25.989 149.38 -275.31 -13.825 182.97 -277.62 0 0 0 0 0 0 -79.908 205.68 -272.91 0 0 0 0 0 0
25.364 150.25 -275.46 -14.768 183.46 -277.58 0 0 0 0 0 0 -81.013 205.76 -272.7 0 0 0 0 0 0
24.984 150.76 -275.43 -15.316 183.72 -277.45 0 0 0 0 0 0 -81.459 205.9 -272.11 0 0 0 0 0 0
24.598 151.3 -275.44 -15.85 184.03 -277.33 0 0 0 0 0 0 -82.085 205.9 -272.08 0 0 0 0 0 0
24.377 151.62 -275.47 -16.153 184.22 -277.27 0 0 0 0 0 0 -82.43 205.94 -272.39 0 0 0 0 0 0
24.375 151.63 -275.49 -16.16 184.25 -277.28 0 0 0 0 0 0 -82.27 206.16 -272.91 0 0 0 0 0 0
24.451 151.55 -275.5 -16.057 184.22 -277.28 0 0 0 0 0 0 -81.913 206.3 -273.37 0 0 0 0 0 0
24.759 151.2 -275.47 -15.624 184 -277.24 0 0 0 0 0 0 -80.963 206.23 -273.64 0 0 0 0 0 0
25.016 150.88 -275.48 -15.268 183.82 -277.21 0 0 0 0 0 0 -80.198 206.15 -273.79 0 0 0 0 0 0
25.439 150.27 -275.42 -14.64 183.48 -277.2 0 0 0 0 0 0 -79.223 206.12 -273.87 0 0 0 0 0 0
26.925 148.11 -275.17 -12.293 182.34 -277.16 0 0 0 0 0 0 -77.365 206.02 -274.13 0 0 0 0 0 0
28.145 146.3 -275 -10.348 181.43 -277.08 0 0 0 0 0 0 -76.093 205.9 -274.33 0 0 0 0 0 0
29.03 144.82 -274.82 -8.8658 180.55 -276.99 0 0 0 0 0 0 -74.313 205.63 -274.41 0 0 0 0 0 0
30.264 142.86 -274.61 -6.8333 179.39 -276.96 0 0 0 0 0 0 -71.903 205.25 -274.69 0 0 0 0 0 0
31.848 140.41 -274.37 -4.25 177.96 -277 0 0 0 0 0 0 -68.865 204.76 -275.17 0 0 0 0 0 0
32.184 139.83 -274.29 -3.6812 177.6 -276.96 0 0 0 0 0 0 -68.119 204.69 -275.22 0 0 0 0 0 0
32.349 139.5 -274.28 -3.3912 177.38 -277.03 0 0 0 0 0 0 -67.78 204.58 -275.3 0 0 0 0 0 0
32.832 138.64 -274.2 -2.5325 176.87 -277.02 0 0 0 0 0 0 -66.918 204.45 -275.4 0 0 0 0 0 0
34.323 136.03 -273.93 0.028333 175.25 -277.01 0 0 0 0 0 0 -64.242 203.94 -275.64 0 0 0 0 0 0
34.956 134.83 -273.75 1.1363 174.49 -276.99 0 0 0 0 0 0 -62.719 203.5 -275.83 0 0 0 0 0 0
35.703 133.44 -273.65 2.4754 173.58 -276.98 0 0 0 0 0 0 -60.9 203.02 -275.97 0 0 0 0 0 0
36.045 132.77 -273.63 3.1182 173.13 -276.95 0 0 0 0 0 0 -60.271 202.84 -276.01 0 0 0 0 0 0
36.3 132.24 -273.57 3.5779 172.75 -276.94 0 0 0 0 0 0 -59.863 202.71 -276.06 0 0 0 0 0 0
36.956 130.82 -273.45 4.7536 171.74 -277.05 0 0 0 0 0 0 -58.395 202.23 -276.28 0 0 0 0 0 0
38.202 128.36 -273.16 6.9881 170.02 -276.9 0 0 0 0 0 0 -55.616 201.61 -276.45 0 0 0 0 0 0
38.869 127.02 -273.03 8.1937 169.05 -276.85 0 0 0 0 0 0 -53.991 201.19 -276.68 0 0 0 0 0 0
39.356 125.98 -272.94 9.061 168.23 -276.86 0 0 0 0 0 0 -52.765 200.75 -276.83 0 0 0 0 0 0
39.557 125.51 -272.9 9.3928 167.85 -276.88 0 0 0 0 0 0 -52.296 200.57 -276.85 0 0 0 0 0 0
39.611 125.35 -272.88 9.4655 167.71 -276.88 0 0 0 0 0 0 -52.157 200.52 -276.84 0 0 0 0 0 0
39.221 126.11 -272.92 8.7602 168.29 -276.85 0 0 0 0 0 0 -53.007 200.89 -276.7 0 0 0 0 0 0
38.833 126.88 -272.95 8.055 168.88 -276.81 0 0 0 0 0 0 -53.858 201.26 -276.57 0 0 0 0 0 0
38.833 126.88 -272.95 8.055 168.88 -276.81 0 0 0 0 0 0 -53.858 201.26 -276.57 0 0 0 0 0 0
38.788 126.98 -272.95 7.9787 168.94 -276.7 0 0 0 0 0 0 -54.031 201.24 -276.85 0 0 0 0 0 0
38.725 127.04 -272.95 7.9107 168.97 -276.69 0 0 0 0 0 0 -54.013 201.31 -276.55 0 0 0 0 0 0
38.679 127.12 -272.96 7.8498 169.03 -276.7 0 0 0 0 0 0 -54.108 201.31 -276.52 0 0 0 0 0 0
38.929 126.61 -272.86 8.2424 168.64 -276.72 0 0 0 0 0 0 -53.644 201.09 -276.64 0 0 0 0 0 0
39.18 126.1 -272.76 8.635 168.24 -276.74 0 0 0 0 0 0 -53.18 200.86 -276.76 0 0 0 0 0 0
39.778 124.84 -272.66 9.7117 167.27 -276.67 0 0 0 0 0 0 -51.664 200.62 -276.73 0 0 0 0 0 0
41.519 121.28 -272.24 12.75 164.6 -276.54 -110.16 169.55 -206.7 0 0 0 -47.642 199.41 -276.87 0 0 0 0 0 0
42.345 119.58 -272.03 14.183 163.31 -276.45 -140.79 217.98 -265.79 0 0 0 -45.78 198.79 -276.9 0 0 0 0 0 0
42.731 118.8 -271.92 14.824 162.69 -276.35 -139.87 217.82 -265.82 0 0 0 -44.955 198.49 -276.9 0 0 0 0 0 0
43.263 117.72 -271.73 15.733 161.86 -276.14 -138.64 217.2 -265.82 0 0 0 -43.806 198.11 -277.01 0 0 0 0 0 0
43.989 116.22 -271.5 16.961 160.64 -275.99 -136.97 216.87 -265.87 0 0 0 -42.224 197.52 -277.08 0 0 0 0 0 0
44.597 115 -271.31 17.942 159.63 -275.84 -135.53 216.22 -265.86 0 0 0 -40.903 197.13 -277.05 0 0 0 0 0 0
44.87 114.39 -271.23 18.415 159.13 -275.75 -134.84 216.24 -265.97 0 0 0 -40.225 196.9 -277.01 0 0 0 0 0 0
45.216 113.66 -271.12 18.986 158.52 -275.66 -133.96 216.12 -265.99 0 0 0 -39.419 196.62 -277.01 0 0 0 0 0 0
45.527 113.06 -270.97 19.438 158.02 -275.52 -133.23 215.95 -266.01 0 0 0 -38.802 196.34 -276.98 0 0 0 0 0 0
45.736 112.66 -270.92 19.76 157.71 -275.48 -132.74 215.88 -265.91 0 0 0 -38.352 196.17 -276.87 0 0 0 0 0 0
45.735 112.62 -270.87 19.753 157.67 -275.44 -132.54 215.78 -265.53 0 0 0 -38.38 196.07 -276.99 0 0 0 0 0 0
45.663 112.7 -270.83 19.637 157.71 -275.41 -132.43 215.68 -265.06 0 0 0 -38.568 195.98 -277.18 0 0 0 0 0 0
45.483 113 -270.9 19.35 157.96 -275.45 -132.96 215.92 -265.07 0 0 0 -38.89 196.15 -277.06 0 0 0 0 0 0
45.433 113.1 -270.93 19.252 158.02 -275.47 -133.26 216.18 -265.3 0 0 0 -38.992 196.25 -276.89 0 0 0 0 0 0
45.448 113.07 -270.94 19.279 157.99 -275.48 -133.22 216.61 -266.24 0 0 0 -38.975 196.23 -276.9 0 0 0 0 0 0
45.443 113.12 -270.94 19.247 158.03 -275.47 -133.34 216.67 -266.43 0 0 0 -39.024 196.25 -276.89 0 0 0 0 0 0
45.328 113.47 -271.01 19.098 158.21 -275.43 -133.63 216.54 -266.77 0 0 0 -39.405 196.36 -276.65 0 0 0 0 0 0
46.593 110.67 -270.71 21.164 155.93 -275.19 -130.72 215.89 -267.11 0 0 0 -36.398 195.28 -276.77 0 0 0 0 0 0
47.395 108.95 -270.53 22.463 154.54 -275.04 -128.85 215.51 -267.26 0 0 0 -34.539 194.61 -276.85 0 0 0 0 0 0
47.733 108.32 -270.46 22.995 154.03 -274.99 -128 215.43 -267.23 0 0 0 -33.83 194.36 -276.87 0 0 0 0 0 0
48.06 107.57 -270.49 23.48 153.39 -274.92 -127.2 215 -267.51 0 0 0 -33.047 194.08 -276.98 0 0 0 0 0 0
48.45 106.82 -270.42 24.085 152.77 -274.88 -126.38 215.01 -267.68 0 0 0 -32.216 193.75 -277 0 0 0 0 0 0
49.602 104.45 -270.23 25.818 150.69 -274.69 -123.75 214.59 -267.75 0 0 0 -29.868 192.57 -277.07 0 0 0 0 0 0
50.148 103.29 -270.12 26.63 149.67 -274.55 -122.5 214.31 -267.81 0 0 0 -28.762 191.98 -277.14 0 0 0 0 0 0
50.531 102.64 -270.03 27.116 149.03 -274.58 -121.79 214.2 -267.89 0 0 0 -28.241 191.5 -277.19 0 0 0 0 0 0
51.057 101.52 -269.87 27.913 148.07 -274.76 -120.56 214.37 -267.98 0 0 0 -27.158 190.88 -277.4 0 0 0 0 0 0
51.452 100.73 -269.78 28.493 147.37 -274.9 -119.6 214.55 -267.92 0 0 0 -26.354 190.44 -277.55 0 0 0 0 0 0
51.796 99.765 -269.4 29.137 146.5 -274.77 -118.51 214.56 -267.93 0 0 0 -25.411 189.95 -277.72 0 0 0 0 0 0
52.026 98.998 -269.05 29.642 145.8 -274.64 -117.77 214.59 -268.08 0 0 0 -24.696 189.54 -277.79 0 0 0 0 0 0
52.377 97.775 -268.25 30.462 144.74 -274.3 -116.46 214.42 -268.11 0 0 0 -23.493 188.9 -277.82 0 0 0 0 0 0
52.763 95.815 -266.82 31.618 142.98 -274.07 -114.17 214.59 -267.42 0 0 0 -21.653 187.87 -277.97 0 0 0 0 0 0
52.923 94.65 -266.19 32.223 141.94 -273.86 -113.17 214.36 -267.67 0 0 0 -20.586 187.38 -278.07 0 0 0 0 0 0
52.969 94.116 -265.89 32.523 141.46 -273.81 -112.68 214.37 -267.67 0 0 0 -20.16 187.12 -278.17 0 0 0 0 0 0
52.949 93.857 -265.79 32.618 141.26 -273.69 -112.46 214.31 -267.74 0 0 0 -19.987 187.04 -278.11 0 0 0 0 0 0
52.916 93.445 -265.68 32.76 140.96 -273.44 -112.13 214.18 -268 0 0 0 -19.667 186.89 -277.96 0 0 0 0 0 0
52.922 92.752 -265.43 33.097 140.43 -273.21 -111.44 214.17 -268.39 0 0 0 -19.046 186.6 -277.88 0 0 0 0 0 0
52.917 92.29 -265.21 33.318 139.97 -273.1 -111.09 214.42 -268.94 0 0 0 -18.652 186.28 -277.85 0 0 0 0 0 0
52.846 92.177 -265.16 33.291 139.83 -273.09 -111.2 214.46 -269.03 0 0 0 -18.702 186.06 -277.79 0 0 0 0 0 0
52.767 92.616 -265.31 32.874 140.16 -273.12 -111.88 214.52 -268.92 0 0 0 -19.277 186.15 -277.61 0 0 0 0 0 0
52.64 95.545 -266.51 31.23 142.6 -273.84 -114.78 215.72 -268.09 0 0 0 -22.245 187.22 -277.73 0 0 0 0 0 0
52.666 96.217 -266.71 30.937 143.12 -273.94 -115.39 216.08 -267.99 0 0 0 -22.759 187.55 -277.75 0 0 0 0 0 0
52.465 96.888 -267.08 30.633 143.56 -274.06 -116.06 215.98 -267.03 0 0 0 -23.35 187.75 -277.35 0 0 0 0 0 0
51.895 98.125 -267.34 29.53 144.74 -274.37 -116.8 216.73 -266.38 0 0 0 -24.839 188.2 -277.32 0 0 0 0 0 0
51.785 98.363 -267.42 29.35 144.95 -274.41 -117.29 217.09 -266.67 0 0 0 -25.084 188.37 -277.31 0 0 0 0 0 0
51.706 98.539 -267.48 29.22 145.11 -274.45 -117.7 217.4 -266.99 0 0 0 -25.262 188.49 -277.31 0 0 0 0 0 0
51.847 98.275 -267.48 29.442 144.88 -274.47 -117.46 217.44 -267.51 0 0 0 -24.972 188.34 -277.31 0 0 0 0 0 0
51.987 98.01 -267.47 29.665 144.64 -274.49 -117.22 217.48 -268.03 0 0 0 -24.683 188.19 -277.32 0 0 0 0 0 0
52.095 97.552 -267.25 29.948 144.22 -274.33 -116.59 217.19 -268.13 0 0 0 -24.32 187.93 -277.45 0 0 0 0 0 0
52.653 95.513 -266.49 31.195 142.47 -274.14 -114.62 216.48 -268.56 0 0 0 -22.233 187.13 -277.44 0 0 0 0 0 0
52.675 94.805 -266.16 31.543 141.88 -274.04 -113.86 216.45 -268.65 0 0 0 -21.622 186.84 -277.57 0 0 0 0 0 0
52.987 91.875 -264.67 33.195 139.3 -273.55 -110.87 216.17 -269.36 0 0 0 -18.845 185.62 -277.88 0 0 0 0 0 0
53.008 91.464 -264.44 33.408 138.92 -273.54 -110.49 216.1 -269.55 0 0 0 -18.503 185.33 -277.95 0 0 0 0 0 0
53.118 89.847 -263.72 34.336 137.54 -273.26 -108.74 215.47 -269.85 0 0 0 -16.987 184.59 -278.08 0 0 0 0 0 0
53.184 88.843 -263.25 34.921 136.67 -273.1 -107.68 215.09 -270.05 0 0 0 -16.049 184.13 -278.17 0 0 0 0 0 0
53.218 87.801 -262.76 35.472 135.74 -273.05 -106.6 214.8 -269.98 0 0 0 -15.056 183.61 -278.34 0 0 0 0 0 0
53.27 86.55 -262.22 36.172 134.64 -272.95 -105.32 214.52 -269.99 0 0 0 -13.762 183.02 -278.51 0 0 0 0 0 0
53.324 85.57 -261.81 36.736 133.77 -272.93 -104.3 214.29 -270.09 0 0 0 -12.82 182.59 -278.71 0 0 0 0 0 0
53.358 84.785 -261.44 37.173 133.06 -272.87 -103.37 214.14 -270.15 0 0 0 -12.086 182.21 -278.89 0 0 0 0 0 0
53.388 83.918 -260.94 37.605 132.23 -272.61 -102.28 214.13 -270.26 0 0 0 -11.222 181.7 -278.96 0 0 0 0 0 0
53.465 82.683 -260.28 38.185 131.09 -272.32 -101.25 214.02 -270.36 0 0 0 -10.07 180.95 -278.96 0 0 0 0 0 0
53.462 82.345 -260.01 38.343 130.76 -272.12 -100.87 214 -270.47 0 0 0 -9.8075 180.79 -278.95 0 0 0 0 0 0
53.546 81.378 -259.31 38.667 129.7 -271.88 -99.584 213.94 -270.83 0 0 0 -9.065 180.14 -278.92 0 0 0 0 0 0
53.729 79.215 -257.96 39.733 127.68 -270.94 -97.51 213.13 -271.44 0 0 0 -7.0883 178.85 -278.48 0 0 0 0 0 0
53.817 77.959 -257.21 40.334 126.52 -270.41 -96.287 212.71 -271.76 0 0 0 -5.9583 178.13 -278.23 0 0 0 0 0 0
53.821 77.627 -257.05 40.46 126.21 -270.31 -95.938 212.68 -271.79 0 0 0 -5.6883 177.95 -278.17 0 0 0 0 0 0
53.84 77.4 -256.89 40.54 125.97 -270.24 -95.705 212.66 -271.82 0 0 0 -5.5025 177.79 -278.14 0 0 0 0 0 0
53.877 77.116 -256.72 40.688 125.68 -270.18 -95.377 212.5 -271.76 0 0 0 -5.2313 177.6 -278.16 0 0 0 0 0 0
53.926 76.588 -256.41 40.929 125.14 -270 -94.775 212.13 -271.64 0 0 0 -4.7413 177.25 -278.14 0 0 0 0 0 0
53.966 76.089 -256.14 41.157 124.64 -269.83 -94.21 211.87 -271.61 0 0 0 -4.3092 176.95 -278.09 0 0 0 0 0 0
54.035 75.108 -255.61 41.705 123.74 -269.53 -93.112 211.6 -271.63 0 0 0 -3.3725 176.35 -278.09 0 0 0 0 0 0
54.047 74.847 -255.46 41.785 123.48 -269.46 -92.855 211.52 -271.65 0 0 0 -3.1375 176.21 -278.1 0 0 0 0 0 0
53.973 72.654 -254.69 42.734 121.44 -268.98 -90.691 210.85 -272.18 0 0 0 -1.2853 174.83 -277.97 0 0 0 0 0 0
53.943 70.921 -254.07 43.439 119.82 -268.46 -89.073 210.32 -272.49 0 0 0 0.14172 173.7 -277.92 0 0 0 0 0 0
53.971 70.008 -253.73 43.803 118.98 -268.26 -88.095 210.15 -272.51 0 0 0 0.90094 173.1 -277.91 0 0 0 0 0 0
53.921 68.922 -253.39 44.146 117.94 -267.9 -87.152 209.84 -273 0 0 0 1.7317 172.42 -277.75 0 0 0 0 0 0
53.915 68.285 -253.18 44.358 117.33 -267.71 -86.555 209.79 -273.21 0 0 0 2.26 172.06 -277.76 0 0 0 0 0 0
53.883 67.658 -253 44.528 116.75 -267.57 -85.921 209.6 -273.17 0 0 0 2.6761 171.66 -277.71 0 0 0 0 0 0
53.847 67.271 -252.94 44.594 116.4 -267.45 -85.723 209.53 -273.35 0 0 0 2.8683 171.41 -277.62 0 0 0 0 0 0
53.792 66.621 -252.83 44.647 115.79 -267.31 -85.381 209.28 -273.63 0 0 0 3.19 171 -277.46 0 0 0 0 0 0
53.772 66.498 -252.77 44.647 115.64 -267.3 -85.352 208.91 -273.58 0 0 0 3.2808 170.91 -277.35 0 0 0 0 0 0
53.767 66.5 -252.78 44.622 115.62 -267.32 -85.513 208.52 -273.54 0 0 0 3.2208 170.89 -277.28 0 0 0 0 0 0
53.745 66.79 -252.88 44.572 115.76 -267.61 -86.108 207.92 -273.48 0 0 0 2.845 171.11 -276.88 0 0 0 0 0 0
53.732 67.923 -253.22 43.913 116.78 -267.97 -87.734 207.44 -272.59 0 0 0 1.5958 171.69 -277.05 0 0 0 0 0 0
53.69 68.598 -253.46 43.558 117.4 -268.13 -88.521 207.84 -272.54 0 0 0 0.95966 172.03 -277.02 0 0 0 0 0 0
53.68 69.105 -253.64 43.299 117.89 -268.28 -89.017 207.97 -272.29 0 0 0 0.45397 172.32 -277 0 0 0 0 0 0
53.695 69.318 -253.68 43.202 118.08 -268.37 -89.144 208.13 -272.22 0 0 0 0.26755 172.44 -277.01 0 0 0 0 0 0
53.752 69.044 -253.48 43.375 117.79 -268.35 -88.653 208.34 -272.45 0 0 0 0.61323 172.29 -277.07 0 0 0 0 0 0
53.813 68.727 -253.29 43.557 117.46 -268.3 -88.011 208.57 -272.44 0 0 0 1.0358 172.1 -277.16 0 0 0 0 0 0
53.854 68.435 -253.19 43.716 117.23 -268.2 -87.528 208.65 -272.37 0 0 0 1.3992 171.91 -277.19 0 0 0 0 0 0
53.845 68.34 -253.16 43.737 117.15 -268.1 -87.48 208.53 -272.52 0 0 0 1.46 171.85 -277.13 0 0 0 0 0 0
53.742 68.512 -253.42 43.722 117.44 -268.04 -87.884 208.54 -273.04 0 0 0 1.275 172.13 -276.98 0 0 0 0 0 0
53.739 67.973 -253.24 44.046 116.96 -267.82 -87.16 208.59 -273.14 0 0 0 1.8667 171.82 -276.93 0 0 0 0 0 0
53.627 66.877 -253.02 44.532 116 -267.39 -85.797 208.65 -273.29 0 0 0 2.9168 171.16 -276.9 0 0 0 0 0 0
53.604 66.197 -252.92 44.856 115.44 -267.17 -84.829 208.72 -273.24 0 0 0 3.5878 170.85 -277.15 0 0 0 0 0 0
53.588 65.883 -252.83 44.981 115.13 -267.11 -84.487 208.71 -273.34 0 0 0 3.8706 170.66 -277.17 0 0 0 0 0 0
53.633 64.228 -252.23 45.727 113.46 -266.95 -82.56 208.59 -273.93 0 0 0 5.495 169.63 -276.83 0 0 0 0 0 0
53.57 63.54 -252.07 46.085 112.85 -266.79 -81.705 208.52 -274.02 0 0 0 6.1875 169.19 -276.77 0 0 0 0 0 0
53.642 62.758 -251.78 46.45 112.05 -266.62 -80.647 208.4 -273.98 0 0 0 6.9825 168.67 -276.81 0 0 0 0 0 0
53.362 61.47 -251.82 46.852 110.91 -266.29 -79.285 208.35 -273.99 0 0 0 8.1125 168.04 -276.49 0 0 0 0 0 0
53.638 59.475 -251.12 47.645 108.94 -265.87 -77.035 207.76 -274.18 0 0 0 9.7675 166.54 -276.62 0 0 0 0 0 0
53.597 57.645 -250.77 48.193 107.18 -265.23 -75.13 207.4 -274.35 0 0 0 11.19 165.27 -276.2 0 0 0 0 0 0
53.615 57.477 -250.69 48.243 107.02 -265.22 -74.953 207.38 -274.4 0 0 0 11.318 165.15 -276.2 0 0 0 0 0 0
53.557 56.502 -250.63 48.496 106.09 -264.94 -74.086 207.13 -274.43 0 0 0 12.029 164.49 -275.93 0 0 0 0 0 0
53.851 54.385 -250.04 49.198 103.97 -264.42 -71.835 206.61 -274.61 0 0 0 13.578 162.89 -275.72 0 0 0 0 0 0
53.85 53.602 -249.97 49.395 103.19 -264.18 -71.073 206.32 -274.45 0 0 0 14.078 162.31 -275.62 0 0 0 0 0 0
53.782 52.274 -249.81 49.66 101.92 -263.72 -69.778 206.12 -274.41 0 0 0 15.016 161.37 -275.42 0 0 0 0 0 0
53.883 51.066 -249.59 49.963 100.73 -263.33 -68.66 205.78 -274.54 0 0 0 15.842 160.42 -275.18 0 0 0 0 0 0
53.889 50.532 -249.53 50.08 100.22 -263.15 -68.149 205.64 -274.52 0 0 0 16.208 160.07 -275.1 0 0 0 0 0 0
53.833 49.537 -249.44 50.206 99.282 -262.82 -67.28 205.59 -274.58 0 0 0 16.755 159.33 -274.91 0 0 0 0 0 0
53.826 48.279 -249.29 50.43 98.071 -262.43 -66.157 205.37 -274.72 0 0 0 17.516 158.34 -274.68 0 0 0 0 0 0
53.929 47.162 -249.06 50.736 96.972 -262.12 -64.999 205.08 -274.84 0 0 0 18.303 157.47 -274.53 0 0 0 0 0 0
54.191 46.531 -248.75 50.98 96.329 -262.08 -64.382 204.95 -275.01 0 0 0 18.653 156.88 -274.6 0 0 0 0 0 0
54.613 46.144 -248.37 51.218 95.901 -262.18 -64.232 204.8 -275.33 0 0 0 18.72 156.36 -274.77 0 0 0 0 0 0
54.884 45.96 -248.1 51.33 95.688 -262.25 -64.195 204.7 -275.46 0 0 0 18.685 156.09 -274.86 0 0 0 0 0 0
55.065 45.898 -247.9 51.365 95.605 -262.31 -64.228 204.62 -275.49 0 0 0 18.59 155.97 -274.89 0 0 0 0 0 0
55.362 47.27 -247.49 51.182 96.763 -262.82 -65.657 204.29 -275.76 0 0 0 17.75 156.84 -275.1 0 0 0 0 0 0
55.46 47.285 -247.45 51.236 96.759 -262.87 -65.646 204.25 -275.4 0 0 0 17.787 156.8 -275.2 0 0 0 0 0 0
55.651 47.248 -247.16 51.326 96.612 -262.89 -65.585 204.29 -275.02 0 0 0 17.763 156.68 -274.99 0 0 0 0 0 0
55.749 46.831 -246.98 51.541 96.183 -262.77 -65.102 204.44 -275.55 0 0 0 18.053 156.26 -274.98 0 0 0 0 0 0
55.884 45.611 -246.57 52.009 94.957 -262.45 -63.55 204.21 -275.85 0 0 0 19.345 155.48 -274.93 0 0 0 0 0 0
56.032 45.225 -246.18 52.307 94.46 -262.4 -62.81 204.17 -275.62 0 0 0 19.785 155.15 -274.8 0 0 0 0 0 0
55.972 44.805 -246.01 52.483 94.072 -262.24 -62.252 204.12 -275.53 0 0 0 20.252 154.89 -274.55 0 0 0 0 0 0
55.904 43.851 -245.53 52.794 93.086 -261.93 -61.149 203.85 -275.52 0 0 0 20.902 154.01 -274.42 0 0 0 0 0 0
55.833 42.575 -244.87 53.185 91.74 -261.54 -59.718 203.47 -275.57 0 0 0 21.663 152.76 -274.36 0 0 0 0 0 0
55.79 42.403 -244.76 53.328 91.525 -261.53 -59.388 203.49 -275.51 0 0 0 21.86 152.6 -274.29 0 0 0 0 0 0
55.525 42.527 -244.43 53.448 91.441 -261.5 -59.318 203.4 -275.42 0 0 0 21.902 152.49 -274.21 0 0 0 0 0 0
55.221 42.584 -244.07 53.599 91.283 -261.45 -59.144 203.31 -275.34 0 0 0 22.011 152.33 -274.12 0 0 0 0 0 0
54.905 42.046 -243.87 53.851 90.7 -261.25 -58.31 203.24 -275.39 0 0 0 22.555 151.93 -274.02 0 0 0 0 0 0
54.493 41.507 -243.96 54.023 90.212 -261.07 -57.845 203.17 -275.39 0 0 0 23.034 151.5 -273.92 0 0 0 0 0 0
54.125 41.087 -244.27 54.032 89.938 -260.95 -57.608 203.17 -275.42 0 0 0 23.203 151.29 -273.85 0 0 0 0 0 0
54.125 41.087 -244.27 54.032 89.938 -260.95 -57.608 203.17 -275.42 0 0 0 23.203 151.29 -273.85 0 0 0 0 0 0
54.019 39.252 -243.61 54.496 88.047 -260.38 -55.563 202.65 -275.53 0 0 0 24.576 149.7 -273.72 0 0 0 0 0 0
53.813 38.445 -243.38 54.633 87.237 -260.08 -54.705 202.46 -275.54 0 0 0 25.1 149.03 -273.62 0 0 0 0 0 0
53.805 38.333 -243.34 54.667 87.125 -260.08 -54.568 202.42 -275.53 0 0 0 25.192 148.94 -273.56 0 0 0 0 0 0
53.56 37.193 -243.15 54.85 86.065 -259.69 -53.218 202.1 -275.56 0 0 0 25.845 148.2 -273.64 0 0 0 0 0 0
53.493 36.814 -242.92 54.914 85.641 -259.52 -52.727 201.94 -275.56 0 0 0 26.139 147.85 -273.65 0 0 0 0 0 0
53.417 35.848 -242.36 55.111 84.561 -259.18 -51.571 201.55 -275.81 0 0 0 26.897 146.96 -273.71 0 0 0 0 0 0
53.392 35.453 -241.95 55.203 84.049 -258.99 -51.061 201.31 -275.94 0 0 0 27.197 146.5 -273.85 0 0 0 0 0 0
53.104 34.42 -241.6 55.361 82.994 -258.66 -49.892 200.95 -276.21 0 0 0 27.967 145.58 -273.84 0 0 0 0 0 0
52.913 34.032 -240.98 55.47 82.405 -258.44 -49.472 200.75 -276.37 0 0 0 28.163 144.97 -273.84 0 0 0 0 0 0
52.843 33.722 -240.74 55.486 82.019 -258.29 -49.167 200.6 -276.53 0 0 0 28.483 144.51 -273.76 0 0 0 0 0 0
52.623 33.782 -240.49 55.483 81.946 -258.25 -49.193 200.53 -276.57 0 0 0 28.48 144.43 -273.65 0 0 0 0 0 0
52.445 33.483 -240.15 55.532 81.528 -258.06 -48.877 200.54 -277 0 0 0 28.67 144.07 -273.59 0 0 0 0 0 0
52.438 33.483 -240.13 55.536 81.526 -258.06 -48.879 200.53 -277 0 0 0 28.67 144.07 -273.59 0 0 0 0 0 0
52.291 33.363 -239.87 55.609 81.276 -257.99 -48.708 200.45 -277.03 0 0 0 28.777 143.88 -273.52 0 0 0 0 0 0
51.965 33.233 -239.44 55.718 80.945 -257.86 -48.252 200.3 -277.07 0 0 0 28.907 143.65 -273.45 0 0 0 0 0 0
51.961 33.28 -239.17 55.716 80.815 -257.82 -48.262 200.2 -277.1 0 0 0 28.922 143.54 -273.39 0 0 0 0 0 0
51.859 33.243 -238.71 55.707 80.622 -257.8 -48.195 199.92 -277.08 0 0 0 28.927 143.35 -273.22 0 0 0 0 0 0
51.662 32.901 -238.47 55.726 80.185 -257.62 -47.784 199.73 -277.13 0 0 0 29.186 142.98 -273.14 0 0 0 0 0 0
51.464 32.558 -238.22 55.744 79.748 -257.43 -47.374 199.53 -277.17 0 0 0 29.444 142.61 -273.07 0 0 0 0 0 0
51.267 32.215 -237.97 55.763 79.311 -257.24 -46.963 199.34 -277.21 0 0 0 29.703 142.24 -273 0 0 0 0 0 0
51.156 32.435 -237.52 55.767 79.273 -257.3 -47.085 199.2 -277.08 0 0 0 29.663 142.2 -273 0 0 0 0 0 0
51.046 32.655 -237.07 55.771 79.235 -257.35 -47.207 199.06 -276.95 0 0 0 29.623 142.17 -273 0 0 0 0 0 0
50.935 32.875 -236.62 55.775 79.197 -257.4 -47.329 198.91 -276.83 0 0 0 29.583 142.14 -273 0 0 0 0 0 0
50.88 32.985 -236.4 55.778 79.177 -257.42 -47.39 198.84 -276.76 0 0 0 29.563 142.12 -273 0 0 0 0 0 0
51.053 33.528 -236.09 55.778 79.495 -257.59 -47.67 199 -276.34 0 0 0 29.343 142.43 -273.04 0 0 0 0 0 0
51.333 34.074 -236.18 55.729 80.037 -257.82 -48.197 199.24 -276.44 0 0 0 28.981 142.9 -273.17 0 0 0 0 0 0
51.259 34.151 -236.09 55.733 80.021 -257.82 -48.477 199.32 -276.69 0 0 0 29.061 142.72 -273.15 0 0 0 0 0 0
51.292 34.743 -236.34 55.705 80.63 -258.05 -49.063 199.54 -276.85 0 0 0 28.775 143.05 -273.17 0 0 0 0 0 0
51.197 35.667 -235.98 55.675 81.128 -258.26 -49.674 199.42 -276.8 0 0 0 28.311 143.39 -273.18 0 0 0 0 0 0
51.318 36.424 -236.05 55.635 81.779 -258.55 -50.338 199.51 -276.28 0 0 0 27.903 143.91 -273.19 0 0 0 0 0 0
51.633 38.204 -236.3 55.533 83.311 -259.21 -51.923 199.69 -275.57 0 0 0 26.936 145.09 -273.33 0 0 0 0 0 0
51.612 38.525 -236.27 55.593 83.558 -259.42 -52.258 199.77 -275.74 0 0 0 26.767 145.27 -273.4 0 0 0 0 0 0
51.758 39.283 -236.55 55.477 84.228 -259.77 -52.963 199.83 -275.62 0 0 0 26.275 145.81 -273.4 0 0 0 0 0 0
51.971 39.798 -236.53 55.438 84.598 -259.92 -53.364 199.88 -275.61 0 0 0 25.975 146.2 -273.48 0 0 0 0 0 0
52.167 40.084 -236.34 55.445 84.734 -259.94 -53.509 199.91 -275.62 0 0 0 25.841 146.43 -273.57 0 0 0 0 0 0
51.635 39.161 -235.81 55.597 83.692 -259.44 -52.282 199.77 -275.68 0 0 0 26.526 145.55 -273.49 0 0 0 0 0 0
49.84 36.038 -234.25 56.072 80.318 -257.86 -48.435 199.35 -276.26 0 0 0 28.762 142.64 -273.27 0 0 0 0 0 0
49.319 34.968 -233.59 56.23 79.09 -257.41 -47.095 199.09 -276.67 0 0 0 29.593 141.58 -273.31 0 0 0 0 0 0
49.028 34.855 -234.03 56.175 79.185 -257.32 -47.305 199 -276.35 0 0 0 29.505 141.61 -273.06 0 0 0 0 0 0
47.503 33.37 -235.86 56.25 78.489 -257.07 -46.562 198.86 -276.47 0 0 0 30.027 141.11 -272.9 0 0 0 0 0 0
46.796 32.616 -236.42 56.256 77.932 -256.72 -45.837 198.76 -276.59 0 0 0 30.383 140.65 -272.87 0 0 0 0 0 0
46.39 32.107 -236.61 56.303 77.507 -256.54 -45.277 198.71 -276.77 0 0 0 30.723 140.28 -272.91 0 0 0 0 0 0
45.807 31.164 -236.24 56.389 76.491 -256.07 -44.03 198.4 -277.07 0 0 0 31.44 139.35 -272.87 0 0 0 0 0 0
44.583 28.958 -235.32 56.595 74.08 -254.94 -41.225 197.61 -277.62 0 0 0 33.03 137.12 -272.87 0 0 0 0 0 0
44.261 28.602 -234.95 56.597 73.582 -254.63 -40.7 197.4 -277.73 0 0 0 33.308 136.68 -272.83 0 0 0 0 0 0
44.089 28.39 -234.04 56.684 73.043 -254.33 -39.994 197.11 -277.89 0 0 0 33.679 136.19 -272.86 0 0 0 0 0 0
44.118 28.613 -233.71 56.657 73.082 -254.34 -40.33 197.05 -277.48 0 0 0 33.472 136.2 -272.68 0 0 0 0 0 0
44.185 29.023 -232.7 56.755 72.98 -254.33 -40.208 197.01 -277.62 0 0 0 33.362 136.25 -272.59 0 0 0 0 0 0
43.938 28.955 -232.33 56.785 72.635 -254.12 -39.745 196.9 -277.83 0 0 0 33.712 136.01 -272.63 0 0 0 0 0 0
43.71 28.762 -232.02 56.815 72.307 -253.96 -39.304 196.76 -277.83 0 0 0 33.992 135.63 -272.59 0 0 0 0 0 0
42.922 28.349 -231.63 56.871 71.583 -253.61 -38.489 196.44 -278.01 0 0 0 34.565 134.85 -272.53 0 0 0 0 0 0
42.474 28.601 -231.34 56.889 71.39 -253.48 -38.285 196.37 -278.05 0 0 0 34.699 134.68 -272.49 0 0 0 0 0 0
42.055 28.839 -231.12 56.9 71.194 -253.4 -38.082 196.3 -278.06 0 0 0 34.8 134.54 -272.45 0 0 0 0 0 0
41.748 29.015 -230.97 56.907 71.047 -253.34 -37.93 196.26 -278.05 0 0 0 34.868 134.44 -272.43 0 0 0 0 0 0
41.124 29.255 -230.69 56.917 70.627 -253.08 -37.318 196.1 -278.17 0 0 0 35.206 133.97 -272.34 0 0 0 0 0 0
40.589 29.265 -230.43 56.912 70.127 -252.8 -36.64 195.92 -278.3 0 0 0 35.595 133.48 -272.26 0 0 0 0 0 0
40.291 29.118 -230.26 56.897 69.74 -252.6 -36.144 195.77 -278.4 0 0 0 35.888 133.14 -272.22 0 0 0 0 0 0
39.993 28.971 -230.09 56.883 69.353 -252.39 -35.648 195.63 -278.5 0 0 0 36.181 132.8 -272.18 0 0 0 0 0 0
39.707 28.863 -229.96 56.877 68.983 -252.18 -35.19 195.47 -278.57 0 0 0 36.449 132.47 -272.14 0 0 0 0 0 0
39.422 28.76 -229.84 56.873 68.615 -251.98 -34.736 195.32 -278.63 0 0 0 36.713 132.15 -272.09 0 0 0 0 0 0
39.136 28.658 -229.72 56.869 68.247 -251.77 -34.283 195.17 -278.69 0 0 0 36.977 131.82 -272.05 0 0 0 0 0 0
37.835 26.902 -228.83 56.954 65.808 -250.49 -31.566 194.06 -278.96 0 0 0 38.498 129.47 -271.62 -108.7 161.99 -190.86 0 0 0
37.385 26.234 -228.49 56.994 64.927 -250.01 -30.59 193.67 -279.06 0 0 0 39.041 128.62 -271.47 -144.83 215.97 -254.51 0 0 0
37.227 25.87 -228.24 57.04 64.534 -249.77 -30.16 193.54 -279.11 0 0 0 39.273 128.21 -271.44 -144.41 215.93 -254.65 0 0 0
37.045 25.442 -227.88 57.088 64.051 -249.45 -29.626 193.34 -279.11 0 0 0 39.578 127.71 -271.29 -143.88 215.88 -254.94 0 0 0
36.862 25.145 -227.63 57.1 63.697 -249.21 -29.275 193.15 -279.12 0 0 0 39.72 127.37 -271.16 -143.51 215.92 -255.15 0 0 0
36.347 24.601 -227.21 57.101 62.894 -248.75 -28.568 192.91 -279.1 0 0 0 40.211 126.57 -270.93 -142.61 215.87 -255.18 0 0 0
36.192 24.363 -227.07 57.123 62.593 -248.61 -28.217 192.76 -279.13 0 0 0 40.399 126.3 -270.83 -142.38 215.91 -255.23 0 0 0
35.99 24.041 -226.89 57.141 62.176 -248.41 -27.724 192.59 -279.21 0 0 0 40.599 125.89 -270.78 -141.87 215.89 -255.37 0 0 0
35.693 23.871 -226.61 57.166 61.719 -248.14 -27.196 192.39 -279.27 0 0 0 40.875 125.44 -270.72 -141.25 215.89 -255.49 0 0 0
35.522 23.66 -226.46 57.191 61.405 -247.98 -26.848 192.21 -279.25 0 0 0 41.108 125.1 -270.55 -140.87 215.87 -255.67 0 0 0
35.211 23.326 -226.09 57.246 60.759 -247.63 -26.127 191.92 -279.26 0 0 0 41.366 124.46 -270.27 -140.22 215.85 -256.05 0 0 0
34.892 22.933 -225.82 57.292 60.002 -247.27 -25.355 191.57 -279.28 0 0 0 41.677 123.62 -269.97 -139.45 215.89 -256.44 0 0 0
34.818 22.833 -225.77 57.303 59.815 -247.18 -25.17 191.49 -279.29 0 0 0 41.758 123.4 -269.89 -139.26 215.91 -256.53 0 0 0
34.551 22.57 -225.48 57.312 59.369 -246.96 -24.611 191.31 -279.35 0 0 0 42.018 123.05 -269.91 -138.69 215.9 -256.89 0 0 0
34.333 22.286 -225.33 57.366 58.901 -246.79 -24.091 191.1 -279.34 0 0 0 42.24 122.68 -269.9 -138.17 215.74 -257.19 0 0 0
33.969 22.003 -225 57.424 58.27 -246.45 -23.462 190.88 -279.37 0 0 0 42.653 122.15 -269.91 -137.44 215.75 -257.73 0 0 0
33.78 21.831 -224.82 57.443 57.969 -246.29 -23.148 190.71 -279.36 0 0 0 42.724 121.82 -269.71 -137.15 215.76 -258.11 0 0 0
33.563 21.555 -224.74 57.45 57.55 -246.12 -22.736 190.52 -279.32 0 0 0 42.865 121.42 -269.53 -136.8 215.9 -258.38 0 0 0
33.311 21.232 -224.68 57.458 57.046 -245.93 -22.25 190.33 -279.27 0 0 0 43.075 120.97 -269.38 -136.36 216.07 -258.63 0 0 0
33.113 21.054 -224.62 57.476 56.774 -245.84 -21.964 190.18 -279.28 0 0 0 43.202 120.83 -269.39 -136.03 216.26 -258.2 0 0 0
32.931 20.924 -224.56 57.492 56.55 -245.78 -21.756 190.03 -279.29 0 0 0 43.303 120.7 -269.38 -135.78 216.34 -257.62 0 0 0
32.795 20.935 -224.5 57.502 56.468 -245.79 -21.785 189.88 -279.31 0 0 0 43.33 120.56 -269.35 -135.78 216.07 -256.58 0 0 0
32.815 20.933 -224.49 57.52 56.462 -245.88 -21.775 189.81 -279.24 0 0 0 43.24 120.55 -269.26 -135.74 216.02 -256.54 0 0 0
32.703 21.195 -224.41 57.513 56.587 -246.12 -22.448 189.5 -279.21 0 0 0 43.05 120.74 -269.25 -136.11 216.72 -255.7 0 0 0
32.98 20.705 -224.32 57.52 56.517 -246.12 -22.543 189.45 -279.08 0 0 0 43.072 120.73 -269.31 -136.08 216.84 -255.52 0 0 0
34.053 23.629 -225.83 57.06 59.94 -247.72 -26.86 190.78 -278.66 0 0 0 40.704 123.9 -269.99 -136.29 216.95 -255.38 0 0 0
34.285 24.167 -225.67 56.981 60.601 -247.86 -27.515 191.02 -278.62 0 0 0 40.283 124.47 -270.08 -136.4 217.13 -255.3 0 0 0
34.396 24.364 -225.28 56.957 60.868 -247.8 -27.647 191.11 -278.63 0 0 0 40.142 124.67 -270.08 -136.5 217.32 -255.24 0 0 0
34.339 24.068 -224.76 57.099 60.481 -247.55 -27.034 190.93 -278.74 0 0 0 40.526 124.3 -270.06 -136.63 217.51 -255.22 0 0 0
34.226 23.608 -224.21 57.296 59.875 -247.23 -26.173 190.67 -278.89 0 0 0 41.085 123.73 -270.03 -136.78 217.71 -255.21 0 0 0
34.157 23.356 -223.92 57.403 59.549 -247.05 -25.698 190.52 -278.97 0 0 0 41.378 123.4 -269.99 -136.9 217.81 -255.15 0 0 0
33.468 22.595 -223.52 57.493 58.407 -246.25 -24.28 189.95 -279.11 0 0 0 42.135 122.25 -269.88 -136.54 217.92 -255.24 0 0 0
33.262 21.814 -223.65 57.335 57.826 -245.8 -23.512 189.83 -279.25 0 0 0 42.489 121.57 -269.66 -136.71 218.06 -255.2 0 0 0
33.222 21.681 -223.66 57.313 57.694 -245.73 -23.359 189.76 -279.27 0 0 0 42.514 121.43 -269.5 -136.66 218.02 -255.09 0 0 0
32.92 21.62 -223.55 57.112 57.417 -245.29 -23.145 189.68 -279.17 0 0 0 42.593 121.25 -269.48 -136.47 217.23 -254.47 0 0 0
32.9 21.727 -223.48 57.112 57.398 -245.3 -23.295 189.49 -278.98 0 0 0 42.58 121.18 -269.46 -136.65 217.04 -254.3 0 0 0
32.83 21.49 -223.4 57.12 57.153 -245.22 -22.938 189.53 -279.14 0 0 0 42.712 120.97 -269.43 -136.33 216.73 -254.49 0 0 0
32.685 20.79 -222.69 57.44 56.115 -245.19 -21.785 189.31 -279.03 0 0 0 43.038 120.14 -269.13 -135.14 216.56 -255.44 0 0 0
32.527 20.812 -222.24 57.628 55.745 -245.41 -21.633 189.09 -279.12 0 0 0 43.149 119.82 -268.94 -134.63 217.01 -255.28 0 0 0
32.252 21.332 -221.83 57.553 55.738 -245.63 -22.022 189.14 -279.12 0 0 0 43.004 119.83 -268.92 -134.07 217.59 -253.84 0 0 0
32.218 21.27 -221.82 57.602 55.667 -245.69 -22.055 189.11 -279.05 0 0 0 43.083 119.76 -268.94 -134.22 217.75 -253.81 0 0 0
32.145 21.688 -221.52 57.498 55.62 -245.79 -21.965 189.01 -279.01 0 0 0 43.127 119.79 -268.98 -134.48 218.45 -254.25 0 0 0
31.908 21.631 -221.43 57.472 55.392 -245.68 -21.652 188.9 -278.91 0 0 0 43.174 119.56 -268.86 -134.32 218.75 -254.91 0 0 0
31.708 21.578 -221.45 57.445 55.285 -245.56 -21.42 188.91 -279.13 0 0 0 43.285 119.43 -268.83 -133.91 219.53 -255.61 0 0 0
31.601 21.619 -221.32 57.443 55.166 -245.47 -21.372 188.54 -279.17 0 0 0 43.338 119.42 -268.73 -133.53 219.81 -255.06 0 0 0
31.514 21.793 -221.12 57.378 55.056 -245.49 -21.174 188.52 -279.25 0 0 0 43.373 119.3 -268.74 -133.36 219.69 -254.72 0 0 0
31.258 21.973 -220.74 57.29 54.938 -245.54 -21.102 188.46 -279.29 0 0 0 43.383 119.23 -268.75 -133.29 219.74 -254.73 0 0 0
30.918 22.162 -220.46 57.289 54.843 -245.5 -21.196 188.52 -279.28 0 0 0 43.375 119.26 -268.81 -133.18 219.85 -254.92 0 0 0
30.741 22.122 -220.33 57.28 54.644 -245.42 -20.871 188.44 -279.37 0 0 0 43.559 119.07 -268.85 -132.9 219.91 -255.19 0 0 0
30.321 21.939 -220.04 57.289 54.138 -245.13 -20.139 188.14 -279.46 0 0 0 44.064 118.41 -268.8 -132.32 219.88 -255.63 0 0 0
29.568 21.654 -219.75 57.33 53.377 -244.64 -18.999 187.76 -279.68 0 0 0 44.735 117.45 -268.68 -131.43 219.17 -256.45 0 0 0
29.192 21.7 -219.54 57.316 53.174 -244.49 -18.598 187.69 -279.78 0 0 0 44.911 117.19 -268.63 -131.34 218.81 -257.28 0 0 0
28.973 21.803 -219.34 57.309 52.99 -244.42 -18.488 187.65 -279.76 0 0 0 44.938 117.08 -268.58 -131.36 218.66 -257.87 0 0 0
28.836 21.736 -219.29 57.34 52.822 -244.27 -18.321 187.59 -279.75 0 0 0 45.002 116.94 -268.55 -131.2 218.55 -258.21 0 0 0
28.689 21.576 -219.26 57.402 52.602 -244.09 -18.017 187.49 -279.77 0 0 0 45.133 116.67 -268.48 -130.94 218.39 -258.45 0 0 0
28.473 21.265 -219.24 57.457 52.215 -243.75 -17.407 187.27 -279.79 0 0 0 45.392 116.12 -268.33 -130.45 218.18 -258.81 0 0 0
28.3 21.052 -219.23 57.505 51.954 -243.5 -16.994 187.12 -279.8 0 0 0 45.564 115.76 -268.22 -130.11 217.98 -259.01 0 0 0
28.119 20.703 -219.17 57.578 51.532 -243.19 -16.479 186.86 -279.74 0 0 0 45.793 115.31 -268.07 -129.61 217.64 -259.24 0 0 0
27.886 20.163 -219.2 57.677 50.933 -242.64 -15.744 186.56 -279.7 0 0 0 46.173 114.61 -267.88 -128.87 217.13 -259.53 0 0 0
27.733 19.74 -219.16 57.72 50.453 -242.28 -15.25 186.28 -279.74 0 0 0 46.407 114.07 -267.76 -128.49 216.87 -259.76 0 0 0
27.674 19.71 -219.16 57.737 50.381 -242.21 -15.17 186.22 -279.7 0 0 0 46.434 113.97 -267.71 -128.41 216.82 -259.73 0 0 0
27.616 19.679 -219.15 57.755 50.31 -242.13 -15.09 186.17 -279.67 0 0 0 46.461 113.87 -267.66 -128.32 216.78 -259.7 0 0 0
27.572 19.668 -219.18 57.769 50.292 -242.07 -15.07 186.15 -279.63 0 0 0 46.471 113.82 -267.66 -128.32 216.63 -259.64 0 0 0
27.527 19.657 -219.22 57.784 50.274 -242.01 -15.049 186.13 -279.6 0 0 0 46.481 113.78 -267.65 -128.31 216.47 -259.57 0 0 0
27.483 19.646 -219.25 57.799 50.256 -241.95 -15.029 186.1 -279.57 0 0 0 46.491 113.74 -267.65 -128.31 216.32 -259.5 0 0 0
27.184 19.505 -219.29 57.778 49.948 -241.79 -14.847 185.88 -279.45 0 0 0 46.567 113.41 -267.56 -128.16 216.2 -259.58 0 0 0
26.46 19.147 -219.33 57.698 49.158 -241.47 -14.394 185.32 -279.21 0 0 0 46.753 112.61 -267.33 -127.78 216.13 -259.92 0 0 0
25.736 18.79 -219.37 57.618 48.368 -241.16 -13.941 184.76 -278.96 0 0 0 46.938 111.81 -267.1 -127.4 216.06 -260.25 0 0 0
24.931 18.159 -219.77 57.608 47.392 -240.36 -12.95 184.28 -278.76 0 0 0 47.306 110.78 -266.76 -126.41 215.09 -260.61 0 0 0
24.536 17.802 -219.91 57.583 46.805 -239.92 -12.426 184.03 -278.69 0 0 0 47.486 110.17 -266.54 -125.73 214.52 -260.85 0 0 0
24.427 17.691 -219.91 57.554 46.614 -239.84 -12.318 183.93 -278.67 0 0 0 47.509 109.96 -266.45 -125.51 214.43 -261 0 0 0
23.028 16.96 -220.51 57.093 45.405 -239.16 -11.185 183.09 -278.59 0 0 0 47.883 108.67 -266.05 -124.41 214.02 -261.77 0 0 0
23.008 16.935 -220.54 57.097 45.395 -239.2 -11.335 183.03 -278.48 0 0 0 47.855 108.68 -266.07 -124.49 213.97 -261.81 0 0 0
22.848 16.788 -220.46 56.984 45.235 -239.01 -11.155 182.87 -278.41 0 0 0 47.917 108.46 -265.95 -124.27 213.98 -261.89 0 0 0
22.723 16.677 -220.4 56.907 45.135 -238.86 -11.025 182.77 -278.35 0 0 0 47.975 108.33 -265.86 -124.23 213.94 -261.93 0 0 0
17.979 16.011 -219.29 53.959 42.832 -237.93 -9.3 181.29 -278.2 0 0 0 48.151 106.04 -265.13 -122.09 214 -262.77 0 0 0
17.626 15.941 -219.15 53.792 42.467 -238.08 -9.15 181.15 -278.2 0 0 0 48.121 105.93 -265.08 -121.85 214.05 -262.78 0 0 0
17.296 16.168 -218.47 53.606 42.439 -237.97 -9.4081 180.95 -278.19 0 0 0 48.054 105.68 -265.14 -122.06 214.24 -262.5 0 0 0
17.245 16.342 -218.15 53.547 42.543 -237.98 -9.7319 180.95 -278.12 0 0 0 47.901 105.72 -265.21 -122.41 214.33 -262.44 0 0 0
17.411 16.323 -218.14 53.606 42.631 -238.11 -10.01 181.01 -278.11 0 0 0 47.743 105.87 -265.32 -122.77 214.4 -262.41 0 0 0
17.355 16.204 -218.15 53.597 42.498 -238.1 -9.9612 180.94 -278.09 0 0 0 47.819 105.8 -265.29 -122.64 214.19 -262.62 0 0 0
17.657 16.532 -218.45 53.706 43.181 -238.35 -10.916 181.35 -277.73 0 0 0 47.453 106.52 -265.37 -123.76 213.96 -262.65 0 0 0
17.721 16.613 -218.51 53.732 43.311 -238.41 -11.12 181.4 -277.6 0 0 0 47.379 106.66 -265.37 -124.07 213.84 -262.81 0 0 0
18.076 17.061 -218.77 53.726 44.101 -238.71 -12.064 181.85 -277.18 0 0 0 46.851 107.4 -265.43 -125.41 214.28 -262.63 0 0 0
18.181 17.155 -218.97 53.712 44.376 -238.86 -12.584 181.94 -276.96 0 0 0 46.581 107.66 -265.4 -126.06 214.55 -262.65 0 0 0
18.906 17.812 -219.47 53.946 45.614 -239.51 -14.269 182.69 -276.5 0 0 0 45.831 108.97 -265.69 -128.1 215.09 -262.64 0 0 0
19.628 18.636 -220.07 54.123 47.104 -240.26 -16.171 183.56 -276.18 0 0 0 44.943 110.52 -266 -130.16 215.72 -262.87 0 0 0
20.069 19.154 -220.47 54.222 48.083 -240.81 -17.581 184.14 -276 0 0 0 44.263 111.6 -266.3 -131.56 216.08 -263.13 0 0 0
20.195 19.32 -220.65 54.227 48.443 -240.93 -18.035 184.35 -275.96 0 0 0 44.028 111.99 -266.32 -131.99 216.16 -263.27 0 0 0
20.778 19.945 -220.94 54.465 49.425 -241.31 -19.063 184.84 -275.94 0 0 0 43.625 112.93 -266.62 -133.14 216.35 -263.21 0 0 0
22.008 21.253 -221.53 54.64 51.785 -242.31 -21.508 186.01 -275.82 0 0 0 42.368 115.1 -267.11 -135.96 217.22 -263.19 0 0 0
22.238 21.533 -221.68 54.695 52.282 -242.46 -22.009 186.26 -275.67 0 0 0 42.096 115.59 -267.17 -136.53 217.32 -263.12 0 0 0
23.012 22.473 -222.01 54.811 53.778 -243.04 -23.637 187.04 -275.53 0 0 0 41.27 117.11 -267.46 -138.25 217.63 -262.99 0 0 0
23.802 23.44 -222.31 54.9 55.314 -243.7 -25.282 187.78 -275.4 0 0 0 40.406 118.65 -267.81 -139.4 217.92 -262.91 0 0 0
24.266 24.003 -222.54 54.98 56.248 -244.06 -26.235 188.18 -275.31 0 0 0 39.943 119.53 -268 -139.43 217.91 -262.89 0 0 0
24.855 24.691 -222.86 55.133 57.306 -244.42 -27.266 188.6 -275.19 0 0 0 39.466 120.5 -268.15 -139.46 217.9 -262.87 0 0 0
26.149 26.779 -224.39 55.093 60.555 -246.06 -30.594 189.88 -274.98 0 0 0 37.748 123.52 -268.79 -139.48 217.88 -262.83 0 0 0
27.163 28.551 -225.86 54.99 63.371 -247.6 -33.545 191 -274.84 0 0 0 36.2 126.16 -269.38 -139.51 217.85 -262.79 0 0 0
26.828 27.799 -225.06 55.188 62.116 -246.81 -32.204 190.52 -274.89 0 0 0 36.962 125.04 -269.01 -139.53 217.83 -262.76 0 0 0
27.009 28.42 -225.81 55.155 63.085 -247.4 -33.179 190.97 -274.78 0 0 0 36.49 126 -269.23 -139.57 217.84 -262.75 0 0 0
27.851 30.255 -227.63 55.02 65.894 -249.09 -36.095 192.16 -274.58 0 0 0 34.97 128.63 -269.95 -139.62 217.85 -262.75 0 0 0
28.036 30.534 -227.79 55.059 66.246 -249.29 -36.447 192.31 -274.55 0 0 0 34.791 128.96 -270.01 -139.64 217.82 -262.71 0 0 0
28.18 30.554 -228.11 55.181 66.33 -249.44 -36.443 192.41 -274.52 0 0 0 34.821 129.06 -269.94 -139.65 217.79 -262.66 0 0 0
28.494 30.767 -228.69 55.353 66.695 -249.77 -36.727 192.61 -274.45 0 0 0 34.708 129.42 -269.95 -139.68 217.78 -262.6 0 0 0
28.789 31.041 -229.12 55.459 67.104 -250.08 -37.126 192.75 -274.41 0 0 0 34.514 129.82 -270.05 -139.7 217.78 -262.53 0 0 0
28.77 30.541 -228.96 55.659 66.464 -249.86 -36.346 192.58 -274.54 0 0 0 34.972 129.29 -269.95 -139.71 217.78 -262.44 0 0 0
28.752 30.04 -228.8 55.86 65.823 -249.65 -35.566 192.41 -274.66 0 0 0 35.431 128.77 -269.86 -139.71 217.79 -262.34 0 0 0
28.523 29.224 -228.37 56.045 64.747 -249.17 -34.317 192.04 -274.85 0 0 0 36.238 127.77 -269.74 -139.72 217.79 -262.26 0 0 0
28.265 28.364 -227.89 56.228 63.609 -248.66 -33.001 191.64 -275.05 0 0 0 37.094 126.71 -269.63 -139.74 217.79 -262.17 0 0 0
28.077 28.035 -227.59 56.246 63.1 -248.39 -32.419 191.44 -275.16 0 0 0 37.405 126.24 -269.59 -139.75 217.78 -262.09 0 0 0
27.877 27.758 -227.3 56.248 62.642 -248.14 -31.88 191.25 -275.26 0 0 0 37.658 125.85 -269.53 -139.76 217.77 -262.01 0 0 0
27.605 27.41 -226.96 56.278 62.066 -247.84 -31.156 191.04 -275.38 0 0 0 37.97 125.4 -269.4 -139.77 217.75 -261.93 0 0 0
27.536 27.319 -226.87 56.285 61.919 -247.76 -30.971 190.99 -275.39 0 0 0 38.047 125.29 -269.36 -139.78 217.73 -261.85 0 0 0
26.605 26.071 -225.33 56.326 59.638 -246.39 -27.861 190.04 -275.99 0 0 0 39.907 123 -269.29 -139.8 217.7 -261.74 0 0 0
26.005 25.188 -224.51 56.32 58.24 -245.61 -26.017 189.55 -276.44 0 0 0 40.925 121.62 -269.06 -139.74 217.73 -261.66 0 0 0
25.841 24.804 -223.98 56.381 57.566 -245.22 -25.251 189.21 -276.63 0 0 0 41.301 120.9 -268.96 -139.36 217.72 -261.73 0 0 0
25.462 23.951 -223.1 56.453 56.227 -244.47 -23.833 188.51 -276.84 0 0 0 41.996 119.5 -268.69 -138.03 217.64 -261.85 0 0 0
25.167 23.556 -222.65 56.447 55.525 -244.1 -23.092 188.18 -277 0 0 0 42.356 118.76 -268.53 -137.59 217.52 -261.86 0 0 0
25.093 23.387 -222.46 56.435 55.22 -243.92 -22.785 188.01 -277.04 0 0 0 42.498 118.45 -268.47 -137.24 217.5 -261.78 0 0 0
24.655 22.445 -221.76 56.453 53.825 -243.15 -21.375 187.22 -277.32 0 0 0 43.195 117.1 -268.25 -135.64 217.31 -261.76 0 0 0
24.655 22.419 -221.64 56.438 53.766 -243.12 -21.327 187.2 -277.31 0 0 0 43.207 117.03 -268.19 -135.64 217.32 -261.85 0 0 0
24.588 22.473 -221.5 56.426 53.771 -243.05 -21.418 187.14 -277.25 0 0 0 43.208 117.04 -268.21 -135.72 217.41 -261.91 0 0 0
24.545 22.563 -221.42 56.4 53.825 -243.03 -21.483 187.16 -277.22 0 0 0 43.178 117.1 -268.24 -135.84 217.5 -261.97 0 0 0
24.512 22.454 -221.23 56.372 53.701 -242.89 -21.368 187.01 -277.15 0 0 0 43.255 116.92 -268.16 -135.66 217.51 -262.03 0 0 0
24.318 22.212 -221.02 56.38 53.271 -242.65 -20.841 186.75 -277.25 0 0 0 43.557 116.53 -268.06 -135.07 217.41 -262.03 0 0 0
24.209 22.094 -220.89 56.368 52.994 -242.51 -20.477 186.63 -277.33 0 0 0 43.713 116.27 -268 -134.69 217.36 -262.16 0 0 0
23.945 21.877 -220.65 56.306 52.554 -242.24 -19.896 186.35 -277.43 0 0 0 44.028 115.8 -267.91 -134.15 217.29 -262.49 0 0 0
23.916 21.828 -220.63 56.276 52.492 -242.18 -19.87 186.32 -277.42 0 0 0 44.05 115.74 -267.89 -134.13 217.39 -262.55 0 0 0
23.826 21.718 -220.55 56.225 52.299 -242.07 -19.736 186.22 -277.45 0 0 0 44.139 115.56 -267.84 -133.96 217.42 -262.51 0 0 0
23.798 21.671 -220.46 56.211 52.248 -241.97 -19.656 186.15 -277.39 0 0 0 44.125 115.49 -267.79 -133.81 217.35 -262.26 0 0 0
23.706 21.612 -220.31 56.156 52.083 -241.89 -19.581 186.06 -277.32 0 0 0 44.144 115.36 -267.73 -133.61 217.45 -262.24 0 0 0
23.523 21.51 -219.99 56.086 51.703 -241.69 -19.206 185.84 -277.33 0 0 0 44.29 115.02 -267.62 -133.04 217.64 -262.03 0 0 0
23.408 21.431 -219.82 55.981 51.501 -241.58 -18.929 185.7 -277.29 0 0 0 44.317 114.83 -267.52 -132.71 217.65 -261.86 0 0 0
23.297 21.354 -219.59 55.892 51.166 -241.44 -18.586 185.51 -277.32 0 0 0 44.451 114.46 -267.42 -132.21 217.69 -261.66 0 0 0
23.07 21.144 -219.31 55.793 50.801 -241.29 -18.188 185.38 -277.4 0 0 0 44.62 114.01 -267.29 -131.87 217.39 -261.51 0 0 0
23.058 21.086 -219.26 55.792 50.712 -241.27 -18.139 185.36 -277.43 0 0 0 44.642 113.95 -267.31 -131.82 217.2 -261.28 0 0 0
23.024 21.074 -219.19 55.782 50.643 -241.19 -18.108 185.31 -277.41 0 0 0 44.648 113.91 -267.33 -131.61 217.03 -261.06 0 0 0
23.059 21.098 -219.17 55.785 50.685 -241.22 -18.199 185.34 -277.34 0 0 0 44.617 113.93 -267.34 -131.63 216.97 -260.8 0 0 0
23.174 21.19 -219.2 55.804 50.823 -241.38 -18.491 185.43 -277.24 0 0 0 44.479 114.07 -267.38 -131.87 216.66 -260.26 0 0 0
23.251 21.206 -219.22 55.842 50.869 -241.44 -18.629 185.43 -277.14 0 0 0 44.483 114.05 -267.37 -132.1 216.49 -260.19 0 0 0
23.351 21.226 -219.31 55.863 51.004 -241.52 -18.941 185.46 -277.07 0 0 0 44.329 114.19 -267.33 -132.49 216.5 -259.94 0 0 0
23.67 21.378 -219.61 55.911 51.489 -241.83 -19.924 185.64 -277.01 0 0 0 43.813 114.7 -267.39 -133.15 216.85 -259.01 0 0 0
23.768 21.658 -219.41 55.916 51.699 -241.93 -20.125 185.72 -276.9 0 0 0 43.672 114.94 -267.45 -133.25 216.98 -258.24 0 0 0
23.995 22.245 -219.19 55.917 52.252 -242.22 -20.762 185.93 -276.87 0 0 0 43.358 115.53 -267.63 -133.6 216.88 -256.5 0 0 0
23.929 22.178 -219.1 55.857 52.121 -242.21 -20.602 185.91 -276.98 0 0 0 43.404 115.41 -267.59 -133.48 216.83 -256.34 0 0 0
23.753 22.013 -218.76 55.677 51.737 -242.17 -20.17 185.89 -277.3 0 0 0 43.529 115.07 -267.48 -133.16 216.72 -255.87 0 0 0
23.823 22.149 -218.57 55.665 51.794 -242.21 -20.363 185.98 -277.24 0 0 0 43.466 115.15 -267.48 -133.32 216.88 -255.81 0 0 0
23.852 22.266 -218.53 55.593 51.902 -242.28 -20.535 186.01 -277.16 0 0 0 43.371 115.29 -267.51 -133.4 216.81 -255.55 0 0 0
23.877 22.365 -218.49 55.53 51.986 -242.34 -20.687 186.05 -277.1 0 0 0 43.291 115.4 -267.54 -133.47 216.77 -255.34 0 0 0
23.86 22.338 -218.44 55.522 51.91 -242.33 -20.7 186.06 -277.06 0 0 0 43.319 115.35 -267.54 -133.45 216.9 -255.48 0 0 0
23.818 22.258 -218.42 55.502 51.807 -242.3 -20.628 186.01 -276.99 0 0 0 43.365 115.26 -267.53 -133.42 216.98 -255.74 0 0 0
23.782 22.148 -218.31 55.465 51.7 -242.24 -20.383 185.93 -277.04 0 0 0 43.43 115.08 -267.5 -133.41 216.65 -256.45 0 0 0
23.675 22.06 -218.07 55.432 51.5 -242.13 -19.96 185.75 -277.15 0 0 0 43.495 114.89 -267.45 -132.92 216.39 -256.58 0 0 0
23.639 22.1 -218 55.362 51.392 -242.11 -19.953 185.73 -277.11 0 0 0 43.535 114.78 -267.46 -133.04 216.03 -256.64 0 0 0
23.677 21.983 -218.04 55.328 51.392 -242.17 -20.064 185.78 -277.06 0 0 0 43.495 114.78 -267.45 -133.2 216.04 -257.13 0 0 0
23.648 21.892 -218.11 55.255 51.365 -242.18 -20.15 185.83 -277.08 0 0 0 43.487 114.74 -267.44 -133.31 216.07 -257.44 0 0 0
23.633 21.963 -218.02 55.217 51.392 -242.2 -20.177 185.76 -277.04 0 0 0 43.432 114.75 -267.42 -133.37 216.05 -257.49 0 0 0
23.622 21.937 -218.04 55.198 51.406 -242.19 -20.177 185.75 -277.02 0 0 0 43.377 114.74 -267.38 -133.51 216.11 -257.62 0 0 0
23.62 21.913 -217.78 55.157 51.195 -242.16 -20.18 185.72 -277.02 0 0 0 43.347 114.72 -267.38 -133.5 215.08 -258.31 0 0 0
23.74 22.16 -218.15 55.125 51.655 -242.43 -20.845 186.01 -276.94 0 0 0 42.9 115.3 -267.48 -134.12 215.24 -258.31 0 0 0
23.852 22.247 -218.21 55.135 51.922 -242.6 -21.03 186.02 -276.88 0 0 0 42.845 115.45 -267.49 -134.48 215.48 -258.05 0 0 0
23.77 22.005 -218.08 55.127 51.59 -242.38 -20.567 185.89 -277.18 0 0 0 43.13 114.97 -267.5 -133.88 215.69 -258.51 0 0 0
23.973 22.183 -217.57 55.13 51.322 -242.4 -20.17 185.78 -277.3 0 0 0 43.37 114.7 -267.6 -133.78 216.09 -259.68 0 0 0
23.983 22.168 -217.59 55.1 51.358 -242.42 -20.235 185.8 -277.3 0 0 0 43.322 114.75 -267.6 -133.83 216.08 -259.68 0 0 0
23.653 21.34 -217.28 55.093 50.118 -241.88 -18.775 185.07 -277.73 0 0 0 44.005 113.57 -267.27 -132.43 217.59 -262.02 0 0 0
23.436 20.885 -217.35 55.087 49.705 -241.67 -18.345 184.76 -277.57 0 0 0 44.33 113.18 -267.19 -131.79 217.81 -262.27 0 0 0
22.892 20.015 -217.23 54.998 48.708 -240.93 -17.017 184.2 -277.66 0 0 0 44.99 112.17 -266.9 -130.45 217.75 -262.95 0 0 0
22.517 19.46 -217.26 55.035 48.127 -240.6 -16.35 183.81 -277.57 0 0 0 45.395 111.55 -266.71 -129.78 217.49 -263.42 0 0 0
22.216 19.17 -217.15 54.927 47.731 -240.36 -15.834 183.61 -277.7 0 0 0 45.63 111.14 -266.6 -129.25 217.36 -263.88 0 0 0
21.993 18.878 -216.97 54.876 47.304 -240.13 -15.293 183.43 -277.89 0 0 0 45.921 110.68 -266.52 -128.62 217.33 -263.85 0 0 0
21.688 18.546 -216.92 54.739 46.877 -239.95 -14.925 183.26 -277.9 0 0 0 46.071 110.28 -266.41 -128.07 217.31 -264.04 0 0 0
21.635 18.483 -216.94 54.7 46.825 -239.91 -14.807 183.17 -277.88 0 0 0 46.11 110.28 -266.43 -128 217.44 -264.07 0 0 0
21.23 17.929 -216.66 54.594 45.929 -239.43 -13.614 182.62 -278.13 0 0 0 46.642 109.35 -266.15 -126.64 217.31 -264.32 0 0 0
20.582 17.378 -216.48 54.475 45.002 -238.84 -12.291 182.05 -278.25 0 0 0 47.261 108.36 -265.94 -125.29 216.91 -264.88 0 0 0
20.335 17.118 -216.43 54.41 44.625 -238.59 -11.745 181.82 -278.31 0 0 0 47.508 107.95 -265.78 -124.73 216.81 -265.08 0 0 0
20.149 16.708 -216.13 54.322 44.158 -238.36 -11.123 181.6 -278.43 0 0 0 47.77 107.45 -265.69 -124.11 216.2 -265.32 0 0 0
19.927 16.405 -215.99 54.227 43.757 -238.14 -10.644 181.37 -278.43 0 0 0 47.975 107.03 -265.57 -123.66 216.15 -265.61 0 0 0
19.37 15.805 -215.52 53.87 42.877 -237.62 -9.5 180.88 -278.52 0 0 0 48.337 106.21 -265.36 -122.47 215.84 -265.99 0 0 0
19.233 15.612 -215.47 53.755 42.663 -237.5 -9.215 180.78 -278.6 0 0 0 48.517 105.89 -265.27 -122.13 215.7 -265.98 0 0 0
18.74 15.071 -215.29 53.501 41.942 -237.13 -8.3364 180.4 -278.68 0 0 0 48.805 105.15 -265.05 -121.18 215.42 -266.09 0 0 0
18.327 14.595 -215.1 53.254 41.36 -236.82 -7.5471 180.12 -278.76 0 0 0 49.072 104.54 -264.88 -120.26 215.13 -266.17 0 0 0
17.505 13.898 -214.89 52.858 40.388 -236.35 -6.5125 179.47 -278.96 0 0 0 49.385 103.47 -264.53 -119.1 214.7 -266.49 0 0 0
16.864 12.952 -214.49 52.346 39.334 -235.85 -5.2408 178.97 -279.01 0 0 0 49.681 102.39 -264.2 -117.84 214.37 -267 0 0 0
16.227 12.388 -214.16 51.934 38.544 -235.45 -4.3858 178.53 -279.08 0 0 0 49.856 101.55 -263.9 -116.95 214.2 -267.31 0 0 0
14.773 11.305 -213.63 51.008 36.903 -234.57 -2.7225 177.53 -278.98 0 0 0 50.203 99.79 -263.33 -114.93 213.88 -267.51 0 0 0
14.285 10.97 -213.49 50.708 36.4 -234.41 -2.235 177.21 -278.97 0 0 0 50.275 99.237 -263.13 -114.32 213.71 -267.56 0 0 0
14.448 11.192 -213.28 50.587 36.182 -234.28 -2.0525 177.02 -278.97 0 0 0 50.32 98.995 -263.04 -113.99 213.76 -267.16 0 0 0
13.24 9.4785 -211.75 48.498 34.475 -233.38 -0.4225 175.79 -278.79 0 0 0 50.178 97.06 -262.23 -111.99 213.37 -267.42 0 0 0
12.931 9.2524 -204.55 46.776 33.222 -225.6 -0.28603 169.91 -269.62 0 0 0 48.533 93.72 -253.53 -108.16 206.31 -258.67 0 0 0
10.625 7.2198 -176.34 39.891 28.212 -194.47 0.25983 146.37 -232.95 0 0 0 41.955 80.36 -218.76 -92.838 178.06 -223.64 0 0 0
8.3197 5.1872 -148.13 33.006 23.201 -163.35 0.80569 122.84 -196.28 0 0 0 35.376 67.001 -183.99 -77.516 149.82 -188.62 0 0 0
6.014 3.1546 -119.93 26.121 18.19 -132.22 1.3516 99.298 -159.61 0 0 0 28.798 53.641 -149.22 -62.194 121.57 -153.59 0 0 0
3.7082 1.1221 -91.718 19.236 13.179 -101.09 1.8974 75.761 -122.94 0 0 0 22.22 40.281 -114.44 -46.872 93.323 -118.57 0 0 0
1.4025 -0.91051 -63.51 12.351 8.1682 -69.966 2.4433 52.223 -86.263 0 0 0 15.642 26.922 -79.67 -31.55 65.076 -83.542 0 0 0
0.24968 -1.9268 -49.406 8.908 5.6628 -54.403 2.7162 40.454 -67.927 0 0 0 12.352 20.242 -62.284 -23.889 50.953 -66.03 0 0 0
