-129.29 201.54 -288.98 0 0 0 0 0 0 0 0 0 0 0 0 0 0 0 0 0 0
-127.68 202.14 -289.67 0 0 0 0 0 0 0 0 0 0 0 0 0 0 0 0 0 0
-126.06 202.66 -289.81 0 0 0 0 0 0 0 0 0 0 0 0 0 0 0 0 0 0
-125.36 202.66 -288.66 0 0 0 0 0 0 0 0 0 0 0 0 0 0 0 0 0 0
-123.7 202.55 -286.15 0 0 0 0 0 0 0 0 0 0 0 0 0 0 0 0 0 0
-122.29 202.59 -283.67 0 0 0 0 0 0 0 0 0 0 0 0 0 0 0 0 0 0
-121.99 202.62 -282.5 0 0 0 0 0 0 0 0 0 0 0 0 0 0 0 0 0 0
-121.47 202.57 -282.12 0 0 0 0 0 0 0 0 0 0 0 0 0 0 0 0 0 0
-120.77 202.55 -281.87 0 0 0 0 0 0 0 0 0 0 0 0 0 0 0 0 0 0
-119.62 202.53 -281.93 0 0 0 0 0 0 0 0 0 0 0 0 0 0 0 0 0 0
-119.13 202.01 -282.18 0 0 0 0 0 0 0 0 0 0 0 0 0 0 0 0 0 0
-119.16 201.7 -281.98 0 0 0 0 0 0 0 0 0 0 0 0 0 0 0 0 0 0
-118.71 202.12 -281.45 0 0 0 0 0 0 0 0 0 0 0 0 0 0 0 0 0 0
-118.14 202.44 -281 0 0 0 0 0 0 0 0 0 0 0 0 0 0 0 0 0 0
-117.58 202.41 -280.85 0 0 0 0 0 0 0 0 0 0 0 0 0 0 0 0 0 0
-117.18 202.37 -280.78 0 0 0 0 0 0 0 0 0 0 0 0 0 0 0 0 0 0
-115.71 202.66 -281.65 0 0 0 0 0 0 0 0 0 0 0 0 0 0 0 0 0 0
-113.54 202.36 -281.74 0 0 0 0 0 0 0 0 0 0 0 0 0 0 0 0 0 0
-113.11 202.47 -281.92 0 0 0 0 0 0 0 0 0 0 0 0 0 0 0 0 0 0
-112.07 202.43 -281.75 0 0 0 0 0 0 0 0 0 0 0 0 0 0 0 0 0 0
-109.25 202.33 -281.58 0 0 0 0 0 0 0 0 0 0 0 0 0 0 0 0 0 0
-109.02 202.48 -281.69 0 0 0 0 0 0 0 0 0 0 0 0 0 0 0 0 0 0
-107.67 202.32 -281.73 0 0 0 0 0 0 0 0 0 0 0 0 0 0 0 0 0 0
-106.13 201.99 -281.63 0 0 0 0 0 0 0 0 0 0 0 0 0 0 0 0 0 0
-104.47 201.62 -281.66 0 0 0 0 0 0 0 0 0 0 0 0 0 0 0 0 0 0
-101.44 201.04 -281.45 -152.7 205.81 -278.06 0 0 0 0 0 0 0 0 0 0 0 0 0 0 0
-98.285 201 -281.73 -149.44 206.56 -278.33 0 0 0 0 0 0 0 0 0 0 0 0 0 0 0
-98.285 201 -281.73 -149.44 206.56 -278.33 0 0 0 0 0 0 0 0 0 0 0 0 0 0 0
-94.755 200.78 -281.72 -146.15 206.6 -279.33 0 0 0 0 0 0 0 0 0 0 0 0 0 0 0
-92.449 200.41 -281.59 -143.94 206.18 -279.16 0 0 0 0 0 0 0 0 0 0 0 0 0 0 0
-88.606 199.72 -281.65 -139.97 205.8 -279.43 0 0 0 0 0 0 0 0 0 0 0 0 0 0 0
-87.13 199.54 -281.81 -138.54 205.92 -279.28 0 0 0 0 0 0 0 0 0 0 0 0 0 0 0
-86.55 199.56 -281.83 -137.77 206.18 -280.05 0 0 0 0 0 0 0 0 0 0 0 0 0 0 0
-86.41 199.57 -281.85 -137.39 206.12 -281.79 0 0 0 0 0 0 0 0 0 0 0 0 0 0 0
-86.27 199.57 -281.87 -137.02 206.07 -283.53 0 0 0 0 0 0 0 0 0 0 0 0 0 0 0
-85.979 199.52 -281.86 -136.88 205.94 -282.57 0 0 0 0 0 0 0 0 0 0 0 0 0 0 0
-85.638 199.44 -281.85 -136.81 205.8 -280.73 0 0 0 0 0 0 0 0 0 0 0 0 0 0 0
-85.297 199.37 -281.83 -136.75 205.66 -278.88 0 0 0 0 0 0 0 0 0 0 0 0 0 0 0
-84.935 199.54 -281.86 -136.31 205.6 -279.2 0 0 0 0 0 0 0 0 0 0 0 0 0 0 0
-84.195 199.37 -282.05 -135.59 206.04 -278.51 0 0 0 0 0 0 0 0 0 0 0 0 0 0 0
-83.245 199.13 -281.95 -134.62 205.91 -278.07 0 0 0 0 0 0 0 0 0 0 0 0 0 0 0
-83.235 199.19 -281.95 -134.76 205.66 -278.12 0 0 0 0 0 0 0 0 0 0 0 0 0 0 0
-82.745 199.12 -281.88 -134.19 205.62 -278.25 0 0 0 0 0 0 0 0 0 0 0 0 0 0 0
-80.825 199.23 -281.92 -132.44 205.41 -278.13 0 0 0 0 0 0 0 0 0 0 0 0 0 0 0
-80.825 199.23 -281.92 -132.44 205.41 -278.13 0 0 0 0 0 0 0 0 0 0 0 0 0 0 0
-79.84 199.1 -281.93 -131.53 205.13 -278.35 0 0 0 0 0 0 0 0 0 0 0 0 0 0 0
-78.632 199.07 -281.9 -130.29 204.61 -277.7 0 0 0 0 0 0 0 0 0 0 0 0 0 0 0
-78.005 199.13 -281.97 -129.68 204.53 -277.25 0 0 0 0 0 0 0 0 0 0 0 0 0 0 0
-77.712 199.11 -281.84 -129.35 204.65 -276.87 0 0 0 0 0 0 0 0 0 0 0 0 0 0 0
-77.12 199.26 -281.56 -128.54 204.95 -275.92 0 0 0 0 0 0 0 0 0 0 0 0 0 0 0
-75.955 200.09 -279.68 -127.43 205.97 -273.36 0 0 0 0 0 0 0 0 0 0 0 0 0 0 0
-75.925 200.1 -279.6 -127.38 205.63 -273.39 0 0 0 0 0 0 0 0 0 0 0 0 0 0 0
-75.88 200.18 -279.55 -127.37 205.38 -273.51 0 0 0 0 0 0 0 0 0 0 0 0 0 0 0
-74.96 200.07 -279.68 -126.52 205.47 -274.27 0 0 0 0 0 0 0 0 0 0 0 0 0 0 0
-74.23 200.08 -279.75 -125.48 205.8 -275.08 0 0 0 0 0 0 0 0 0 0 0 0 0 0 0
-73.48 200.04 -279.64 -124.94 206.22 -275.88 0 0 0 0 0 0 0 0 0 0 0 0 0 0 0
-72.963 200.02 -279.59 -124.23 206.29 -276.2 0 0 0 0 0 0 0 0 0 0 0 0 0 0 0
-71.903 199.76 -279.4 -123.11 206.36 -276.8 0 0 0 0 0 0 0 0 0 0 0 0 0 0 0
-71.06 199.5 -279.31 -122.38 206.35 -276.89 0 0 0 0 0 0 0 0 0 0 0 0 0 0 0
-70.624 199.44 -279.33 -121.99 206.16 -276.57 0 0 0 0 0 0 0 0 0 0 0 0 0 0 0
-70.351 199.34 -279.29 -121.85 205.76 -276.28 0 0 0 0 0 0 0 0 0 0 0 0 0 0 0
-70.197 199.27 -279.25 -121.59 205.88 -276.32 0 0 0 0 0 0 0 0 0 0 0 0 0 0 0
-70.14 199.23 -279.23 -121.44 206.03 -276.4 0 0 0 0 0 0 0 0 0 0 0 0 0 0 0
-69.985 199.19 -279.24 -121.07 206.1 -276.51 0 0 0 0 0 0 0 0 0 0 0 0 0 0 0
-68.745 199.04 -279.05 -119.61 205.48 -276.57 0 0 0 0 0 0 0 0 0 0 0 0 0 0 0
-67.989 198.92 -279.12 -118.49 205.44 -276.83 0 0 0 0 0 0 0 0 0 0 0 0 0 0 0
-66.625 198.79 -279.25 -117.21 205.65 -277.31 0 0 0 0 0 0 0 0 0 0 0 0 0 0 0
-57.795 197.18 -279.74 -109.22 205.44 -278.19 0 0 0 0 0 0 0 0 0 0 0 0 0 0 0
-58.155 197.32 -279.77 -109.51 205.6 -278.25 0 0 0 0 0 0 0 0 0 0 0 0 0 0 0
-56.31 197 -279.75 -107.67 205.34 -278.12 0 0 0 0 0 0 0 0 0 0 0 0 0 0 0
-55.941 196.95 -279.69 -107.3 205.24 -277.98 0 0 0 0 0 0 0 0 0 0 0 0 0 0 0
-55.707 196.89 -279.61 -107.07 205.08 -277.93 0 0 0 0 0 0 0 0 0 0 0 0 0 0 0
-55.876 196.82 -279.52 -107.28 204.7 -278.1 0 0 0 0 0 0 0 0 0 0 0 0 0 0 0
-56.045 196.74 -279.43 -107.5 204.32 -278.26 0 0 0 0 0 0 0 0 0 0 0 0 0 0 0
-58.51 196.87 -279.34 -110.06 203.93 -278.8 0 0 0 0 0 0 0 0 0 0 0 0 0 0 0
-60.935 197.43 -279.11 -112.56 204.57 -278.27 0 0 0 0 0 0 0 0 0 0 0 0 0 0 0
-61.515 197.46 -278.93 -113.04 204.52 -278.19 0 0 0 0 0 0 0 0 0 0 0 0 0 0 0
-62.445 197.73 -278.84 -114.02 205.03 -277.51 0 0 0 0 0 0 0 0 0 0 0 0 0 0 0
-63.885 198.11 -278.89 -115.41 205.59 -277.11 0 0 0 0 0 0 0 0 0 0 0 0 0 0 0
-65.496 198.53 -279 -116.94 206.17 -276.79 0 0 0 0 0 0 0 0 0 0 0 0 0 0 0
-67.106 198.94 -279.1 -118.47 206.74 -276.48 0 0 0 0 0 0 0 0 0 0 0 0 0 0 0
-65.336 198.76 -279.41 -116.71 207.53 -277.37 0 0 0 0 0 0 0 0 0 0 0 0 0 0 0
-63.565 198.59 -279.71 -114.95 208.31 -278.26 0 0 0 0 0 0 0 0 0 0 0 0 0 0 0
-61.48 198.26 -280.06 -112.57 207.72 -278.43 0 0 0 0 0 0 0 0 0 0 0 0 0 0 0
-59.13 197.88 -280.12 -110.18 207.34 -277.95 0 0 0 0 0 0 0 0 0 0 0 0 0 0 0
-51.765 196.67 -280.23 -102.86 205.76 -277.57 0 0 0 0 0 0 0 0 0 0 0 0 0 0 0
-50.737 196.15 -279.65 -101.96 204.09 -277.8 0 0 0 0 0 0 0 0 0 0 0 0 0 0 0
-52.18 196.16 -279.29 -103.47 202.91 -278.23 0 0 0 0 0 0 0 0 0 0 0 0 0 0 0
-53.762 196.62 -279.27 -104.98 202.91 -278.99 0 0 0 0 0 0 0 0 0 0 0 0 0 0 0
-52.005 196.13 -279.13 -103.08 204.51 -279.24 0 0 0 0 0 0 0 0 0 0 0 0 0 0 0
-51.257 196.15 -279.16 -102.37 204.86 -279.08 0 0 0 0 0 0 0 0 0 0 0 0 0 0 0
-53.295 196.88 -279.98 -104.5 204.76 -280.05 0 0 0 0 0 0 0 0 0 0 0 0 0 0 0
-54.068 196.93 -280.29 -105.42 205.3 -280.81 0 0 0 0 0 0 0 0 0 0 0 0 0 0 0
-54.23 196.85 -280.62 -105.58 205.06 -281.41 0 0 0 0 0 0 0 0 0 0 0 0 0 0 0
-54.499 196.57 -281.01 -105.86 204.54 -281.87 0 0 0 0 0 0 0 0 0 0 0 0 0 0 0
-54.221 196.41 -281.22 -105.65 204.36 -282.14 0 0 0 0 0 0 0 0 0 0 0 0 0 0 0
-53.145 196.41 -281.42 -104.31 204.32 -281.98 0 0 0 0 0 0 0 0 0 0 0 0 0 0 0
-48.315 195.71 -281.36 -99.685 203.67 -280.97 0 0 0 0 0 0 0 0 0 0 0 0 0 0 0
-46.895 195.37 -281.32 -98.395 203.85 -281.02 0 0 0 0 0 0 0 0 0 0 0 0 0 0 0
-45.485 195.13 -281.31 -96.805 203.84 -280.89 0 0 0 0 0 0 0 0 0 0 0 0 0 0 0
-42.11 194.16 -281.19 -93.355 203.53 -280.9 0 0 0 0 0 0 0 0 0 0 0 0 0 0 0
-41.585 193.97 -281.19 -92.79 203.59 -280.82 0 0 0 0 0 0 0 0 0 0 0 0 0 0 0
-39.01 193.21 -281.3 -90.155 202.99 -280.39 0 0 0 0 0 0 0 0 0 0 0 0 0 0 0
-36.922 192.65 -281.21 -87.953 202.97 -280.53 0 0 0 0 0 0 0 0 0 0 0 0 0 0 0
-35.237 192.07 -281.24 -86.182 202.75 -280.54 0 0 0 0 0 0 0 0 0 0 0 0 0 0 0
-34.075 191.63 -281.24 -85.015 202.5 -280.6 0 0 0 0 0 0 0 0 0 0 0 0 0 0 0
-30.105 190.36 -281.09 -80.905 202.5 -280.63 0 0 0 0 0 0 -149.85 206 -290.12 0 0 0 0 0 0
-26.995 189.28 -281.01 -77.45 202.32 -280.69 0 0 0 0 0 0 -147.56 207.16 -290.11 0 0 0 0 0 0
-24.925 188.59 -280.93 -75.45 202.13 -280.82 0 0 0 0 0 0 -144.44 207.01 -290.27 0 0 0 0 0 0
-23.095 187.77 -280.7 -73.285 201.78 -280.52 0 0 0 0 0 0 -142.49 207.03 -290.06 0 0 0 0 0 0
-21.41 187.04 -280.8 -71.4 201.38 -280.42 0 0 0 0 0 0 -140.75 207.47 -290.09 0 0 0 0 0 0
-18.47 185.79 -280.49 -68.385 200.79 -280.38 0 0 0 0 0 0 -137.54 207.04 -288.86 0 0 0 0 0 0
-16.142 184.8 -280.32 -65.953 200.34 -280.32 0 0 0 0 0 0 -135.27 206.52 -288.39 0 0 0 0 0 0
-15.24 184.39 -280.26 -64.99 200.22 -280.31 0 0 0 0 0 0 -134.44 206.03 -288.26 0 0 0 0 0 0
-12.696 183.12 -280.04 -62.102 199.71 -280.13 0 0 0 0 0 0 -131.68 204.62 -287.92 0 0 0 0 0 0
-10.6 182.07 -279.92 -59.635 199.57 -280.24 0 0 0 0 0 0 -129.22 202.24 -286.83 0 0 0 0 0 0
-8.35 180.88 -279.62 -57.055 199.14 -280.26 0 0 0 0 0 0 -127.02 201.94 -285.94 0 0 0 0 0 0
-6.64 179.72 -279.45 -55.205 198.57 -280.31 0 0 0 0 0 0 -125.02 201.85 -285.06 0 0 0 0 0 0
-4.785 178.46 -279.2 -53.17 197.87 -280.25 0 0 0 0 0 0 -123.51 202.69 -284.35 0 0 0 0 0 0
-3.969 177.91 -279.01 -52.293 197.72 -280.17 0 0 0 0 0 0 -121.97 206.37 -283.65 0 0 0 0 0 0
-2.725 177.12 -278.75 -50.825 197.32 -280.04 0 0 0 0 0 0 -120.33 206.48 -283.19 0 0 0 0 0 0
0.065 175.16 -278.46 -47.6 196.27 -280.15 0 0 0 0 0 0 -117.29 205.78 -282.54 0 0 0 0 0 0
0.623 174.77 -278.43 -46.922 196.09 -280.27 0 0 0 0 0 0 -116.61 205.5 -282.19 0 0 0 0 0 0
2.855 173.17 -278.26 -44.21 195.39 -280.73 0 0 0 0 0 0 -113.92 204.38 -280.76 0 0 0 0 0 0
2.855 173.17 -278.26 -44.21 195.39 -280.73 0 0 0 0 0 0 -113.92 204.38 -280.76 0 0 0 0 0 0
5.59 170.84 -277.94 -40.96 194.01 -280.73 0 0 0 0 0 0 -110.54 204.34 -280.54 0 0 0 0 0 0
6.0706 170.3 -277.89 -40.365 193.7 -280.6 0 0 0 0 0 0 -109.91 204.25 -280.1 0 0 0 0 0 0
6.5512 169.75 -277.83 -39.771 193.38 -280.48 0 0 0 0 0 0 -109.28 204.16 -279.65 0 0 0 0 0 0
7.0318 169.21 -277.77 -39.176 193.06 -280.36 0 0 0 0 0 0 -108.64 204.08 -279.21 0 0 0 0 0 0
6.4096 169.79 -277.73 -39.986 193.35 -280.06 0 0 0 0 0 0 -109.56 203.8 -279.02 0 0 0 0 0 0
5.7873 170.37 -277.68 -40.795 193.64 -279.77 0 0 0 0 0 0 -110.49 203.53 -278.83 0 0 0 0 0 0
5.165 170.94 -277.63 -41.605 193.93 -279.48 0 0 0 0 0 0 -111.41 203.25 -278.64 0 0 0 0 0 0
4.615 171.41 -277.68 -42.23 194.1 -279.22 0 0 0 0 0 0 -112.07 202.91 -278.96 0 0 0 0 0 0
1.545 173.96 -278.31 -45.785 195.51 -279.06 0 0 0 0 0 0 -115.74 203.07 -279.23 0 0 0 0 0 0
1.545 173.96 -278.31 -45.785 195.51 -279.06 0 0 0 0 0 0 -115.74 203.07 -279.23 0 0 0 0 0 0
0.225 174.79 -278.36 -47.22 196.09 -278.9 0 0 0 0 0 0 -117.01 201.76 -280.63 0 0 0 0 0 0
-1.4118 175.75 -278.46 -49.151 196.24 -279.01 0 0 0 0 0 0 -118.13 201.37 -281.75 0 0 0 0 0 0
-3.0753 176.58 -278.71 -51.162 196.2 -279.35 0 0 0 0 0 0 -118.92 201.82 -281.47 0 0 0 0 0 0
-4.7389 177.41 -278.95 -53.173 196.16 -279.68 0 0 0 0 0 0 -119.7 202.26 -281.18 0 0 0 0 0 0
-2.9453 176.35 -278.79 -51.158 195.73 -279.73 0 0 0 0 0 0 -119.01 202.54 -280.91 0 0 0 0 0 0
-1.1518 175.29 -278.62 -49.143 195.3 -279.78 0 0 0 0 0 0 -118.32 202.81 -280.64 0 0 0 0 0 0
0.31 174.38 -278.53 -47.455 194.99 -279.86 0 0 0 0 0 0 -117.36 202.84 -280.36 0 0 0 0 0 0
1.805 173.33 -278.26 -45.678 194.58 -280.01 0 0 0 0 0 0 -115.53 202.53 -280.27 0 0 0 0 0 0
2.45 172.87 -278.14 -44.75 194.54 -280.21 0 0 0 0 0 0 -114.57 202.26 -280.13 0 0 0 0 0 0
3.85 171.81 -277.88 -43.055 194.11 -280.29 0 0 0 0 0 0 -112.79 201.84 -280.37 0 0 0 0 0 0
4.99 170.92 -277.82 -41.805 193.78 -280.69 0 0 0 0 0 0 -111.75 201.57 -280.66 0 0 0 0 0 0
5.615 170.53 -277.76 -40.795 193.64 -280.79 0 0 0 0 0 0 -110.56 201.41 -280.37 0 0 0 0 0 0
6.665 169.78 -277.7 -39.56 193.5 -280.88 0 0 0 0 0 0 -109.48 201.41 -280.38 0 0 0 0 0 0
7.86 168.66 -277.22 -38.08 192.97 -280.67 0 0 0 0 0 0 -107.63 201.44 -280.32 0 0 0 0 0 0
8.935 167.82 -277.18 -36.65 192.63 -280.89 0 0 0 0 0 0 -106.22 201.6 -280.37 0 0 0 0 0 0
9.7074 167 -277.02 -35.638 192.25 -280.77 0 0 0 0 0 0 -105.09 201.93 -280.31 0 0 0 0 0 0
10.177 166.49 -276.93 -35.023 191.99 -280.71 0 0 0 0 0 0 -104.37 202.1 -280.31 0 0 0 0 0 0
9.7356 166.93 -277.01 -35.604 192.13 -280.78 0 0 0 0 0 0 -104.92 201.82 -280.48 0 0 0 0 0 0
9.2167 167.46 -277.12 -36.295 192.32 -280.81 0 0 0 0 0 0 -105.74 201.59 -280.64 0 0 0 0 0 0
8.84 167.85 -277.24 -36.805 192.5 -280.76 0 0 0 0 0 0 -106.54 201.54 -280.7 0 0 0 0 0 0
7.92 168.6 -277.41 -37.948 192.85 -280.73 0 0 0 0 0 0 -107.61 201.32 -280.46 0 0 0 0 0 0
7.14 169.43 -277.56 -38.875 193.44 -280.71 0 0 0 0 0 0 -108.8 201.84 -279.92 0 0 0 0 0 0
7.14 169.43 -277.56 -38.875 193.44 -280.71 0 0 0 0 0 0 -108.8 201.84 -279.92 0 0 0 0 0 0
6.1371 170.17 -277.6 -40.061 193.77 -280.72 0 0 0 0 0 0 -109.74 200.82 -280.62 0 0 0 0 0 0
5.1343 170.91 -277.65 -41.248 194.1 -280.72 0 0 0 0 0 0 -110.69 199.8 -281.32 0 0 0 0 0 0
5.3921 170.75 -277.6 -40.981 193.99 -280.84 0 0 0 0 0 0 -110.56 199.82 -281.85 0 0 0 0 0 0
5.65 170.59 -277.55 -40.715 193.87 -280.95 0 0 0 0 0 0 -110.42 199.84 -282.37 0 0 0 0 0 0
7.375 169.18 -277.34 -38.615 193.29 -280.95 0 0 0 0 0 0 -108.22 200.31 -282.25 0 0 0 0 0 0
8.945 167.81 -277.01 -36.52 192.78 -281.01 0 0 0 0 0 0 -106.03 200.78 -282.6 0 0 0 0 0 0
10.235 166.76 -276.73 -34.8 192.34 -280.76 0 0 0 0 0 0 -104.41 200.88 -282.43 0 0 0 0 0 0
12.01 165.07 -276.43 -32.54 191.54 -280.95 0 0 0 0 0 0 -102.08 200.74 -282.65 0 0 0 0 0 0
14.035 162.94 -275.89 -29.72 190.57 -280.65 0 0 0 0 0 0 -98.985 200.67 -282.03 0 0 0 0 0 0
16.26 160.49 -275.41 -26.695 189.33 -280.26 0 0 0 0 0 0 -96.11 200.35 -282.42 0 0 0 0 0 0
17.145 159.62 -275.26 -25.38 189.01 -280.2 0 0 0 0 0 0 -94.32 200.33 -281.32 0 0 0 0 0 0
17.63 158.94 -275.13 -24.725 188.63 -280.14 0 0 0 0 0 0 -93.925 200.76 -281.44 0 0 0 0 0 0
18.585 157.68 -274.82 -23.355 187.91 -280.14 0 0 0 0 0 0 -92.305 200.94 -281 0 0 0 0 0 0
18.988 157.1 -274.79 -22.848 187.5 -280.31 0 0 0 0 0 0 -91.728 201.03 -281.22 0 0 0 0 0 0
19.295 156.66 -274.74 -22.415 187.18 -280.34 0 0 0 0 0 0 -91.233 200.96 -281.21 0 0 0 0 0 0
19.602 156.23 -274.7 -21.981 186.85 -280.38 0 0 0 0 0 0 -90.738 200.89 -281.21 0 0 0 0 0 0
19.829 155.89 -274.65 -21.66 186.62 -280.39 0 0 0 0 0 0 -90.376 200.83 -281.23 0 0 0 0 0 0
19.82 155.84 -274.63 -21.675 186.65 -280.34 0 0 0 0 0 0 -90.412 200.8 -281.34 0 0 0 0 0 0
19.81 155.79 -274.6 -21.69 186.68 -280.29 0 0 0 0 0 0 -90.449 200.76 -281.45 0 0 0 0 0 0
19.8 155.75 -274.57 -21.705 186.72 -280.24 0 0 0 0 0 0 -90.485 200.72 -281.56 0 0 0 0 0 0
18.152 157.81 -274.91 -24.103 187.78 -280.24 0 0 0 0 0 0 -92.823 200.04 -282.25 0 0 0 0 0 0
16.365 159.94 -275.23 -26.51 188.69 -279.93 0 0 0 0 0 0 -95.16 199.36 -282.94 0 0 0 0 0 0
8.705 166.75 -276.46 -36.359 191.68 -280.5 0 0 0 0 0 0 -103.66 199.64 -283.82 0 0 0 0 0 0
6.655 168.19 -276.81 -38.737 192.27 -280.61 0 0 0 0 0 0 -107.7 199.84 -284.14 0 0 0 0 0 0
7.0522 167.96 -276.75 -38.247 192.23 -280.6 0 0 0 0 0 0 -107.96 200.36 -284.17 0 0 0 0 0 0
9.8967 166.05 -276.28 -34.889 191.56 -280.48 0 0 0 0 0 0 -104.46 201.21 -283.91 0 0 0 0 0 0
12.44 164.23 -275.85 -31.835 190.88 -280.33 0 0 0 0 0 0 -101.24 201.8 -283.65 0 0 0 0 0 0
14.415 162.35 -275.51 -29.14 190.06 -280.08 0 0 0 0 0 0 -98.24 201.66 -283.41 0 0 0 0 0 0
17.02 159.49 -274.94 -25.62 188.85 -279.97 0 0 0 0 0 0 -94.58 201.72 -282.72 0 0 0 0 0 0
18.137 158.18 -274.69 -24.01 188.24 -279.76 0 0 0 0 0 0 -93.002 201.31 -282.26 0 0 0 0 0 0
22.026 153.16 -273.45 -18.303 185.32 -278.77 0 0 0 0 0 0 -86.641 200.88 -282.18 0 0 0 0 0 0
23.97 150.66 -272.83 -15.45 183.87 -278.27 0 0 0 0 0 0 -83.46 200.66 -282.13 0 0 0 0 0 0
25.11 149.05 -272.45 -13.77 182.97 -278.12 0 0 0 0 0 0 -81.596 200.5 -282.42 0 0 0 0 0 0
26.49 147.13 -272.03 -11.73 181.76 -278.01 0 0 0 0 0 0 -79.325 200.29 -282.71 0 0 0 0 0 0
28.234 144.6 -271.51 -9.114 180.16 -277.42 0 0 0 0 0 0 -76.149 199.47 -282.36 0 0 0 0 0 0
29.12 143.28 -271.25 -7.795 179.35 -277.32 0 0 0 0 0 0 -74.8 199.21 -282.5 0 0 0 0 0 0
30.92 140.43 -270.64 -4.91 177.51 -276.67 0 0 0 0 0 0 -71.45 198.62 -282.46 0 0 0 0 0 0
31.392 139.59 -270.38 -4.0433 177.04 -276.5 0 0 0 0 0 0 -70.44 198.46 -282.29 0 0 0 0 0 0
31.99 138.44 -270.16 -3.005 176.32 -276.26 0 0 0 0 0 0 -69.15 198.25 -282.29 0 0 0 0 0 0
32.404 137.72 -270.07 -2.3221 175.83 -276.13 0 0 0 0 0 0 -68.401 197.98 -282.15 0 0 0 0 0 0
32.649 137.26 -270.03 -1.9286 175.5 -276.03 0 0 0 0 0 0 -68.004 197.72 -282.06 0 0 0 0 0 0
32.39 137.64 -270.16 -2.4029 175.71 -276.01 0 0 0 0 0 0 -68.661 197.5 -282.09 0 0 0 0 0 0
32 138.24 -270.2 -3.085 176 -276 0 0 0 0 0 0 -69.625 197.18 -282.36 0 0 0 0 0 0
32 138.24 -270.2 -3.085 176 -276 0 0 0 0 0 0 -69.625 197.18 -282.36 0 0 0 0 0 0
32.41 137.59 -270.12 -2.3593 175.72 -275.88 0 0 0 0 0 0 -68.532 197.57 -282.38 0 0 0 0 0 0
32.681 137.13 -270.03 -1.8879 175.42 -275.77 0 0 0 0 0 0 -67.887 197.68 -282.32 0 0 0 0 0 0
32.227 137.85 -270.17 -2.6593 175.85 -275.94 0 0 0 0 0 0 -68.915 197.47 -282.12 0 0 0 0 0 0
31.53 138.96 -270.39 -3.845 176.51 -276.2 0 0 0 0 0 0 -70.5 197.15 -281.88 0 0 0 0 0 0
29.978 141.43 -270.85 -6.255 178.01 -276.49 0 0 0 0 0 0 -73.632 197.2 -281.55 0 0 0 0 0 0
26.885 145.82 -271.74 -11.035 180.57 -276.99 0 0 0 0 0 0 -78.76 197.54 -280.96 0 0 0 0 0 0
26.418 146.47 -271.87 -11.704 180.93 -277.01 0 0 0 0 0 0 -79.583 197.62 -281.1 0 0 0 0 0 0
25.951 147.11 -272 -12.373 181.29 -277.04 0 0 0 0 0 0 -80.406 197.7 -281.23 0 0 0 0 0 0
27.358 145.24 -271.62 -10.284 180.26 -276.82 0 0 0 0 0 0 -78.073 197.54 -281.47 0 0 0 0 0 0
28.765 143.37 -271.24 -8.195 179.24 -276.59 0 0 0 0 0 0 -75.74 197.38 -281.71 0 0 0 0 0 0
31.175 139.68 -270.45 -4.375 177.01 -276.12 0 0 0 0 0 0 -71.07 196.85 -281.42 0 0 0 0 0 0
31.175 139.68 -270.45 -4.375 177.01 -276.12 0 0 0 0 0 0 -71.07 196.85 -281.42 0 0 0 0 0 0
32.905 136.72 -269.88 -1.505 175.07 -275.63 0 0 0 0 0 0 -67.735 196.2 -281.34 0 0 0 0 0 0
34.333 134.45 -269.47 0.83 173.66 -275.44 0 0 0 0 0 0 -65.207 196.03 -281.33 0 0 0 0 0 0
34.79 133.6 -269.35 1.66 173.15 -275.35 0 0 0 0 0 0 -64.175 196.32 -280.74 0 0 0 0 0 0
35.002 133.25 -269.31 1.997 172.89 -275.41 0 0 0 0 0 0 -63.766 196.25 -280.7 0 0 0 0 0 0
35.732 131.97 -269.12 3.21 171.97 -275.43 0 0 0 0 0 0 -62.298 195.95 -280.67 0 0 0 0 0 0
37.38 128.99 -268.59 6.04 169.79 -275.14 0 0 0 0 0 0 -58.88 195.15 -280.76 0 0 0 0 0 0
37.635 128.65 -268.51 6.425 169.51 -275.24 0 0 0 0 0 0 -58.405 195.11 -280.93 0 0 0 0 0 0
38.405 127.41 -268.3 7.67 168.63 -275.17 0 0 0 0 0 0 -56.9 194.79 -281.18 0 0 0 0 0 0
39.925 123.76 -267.64 10.67 165.91 -274.96 -73.185 104.43 -142.19 0 0 0 -53.265 193.57 -281.5 0 0 0 0 0 0
41.09 121.82 -267.27 12.53 164.49 -274.66 -147.37 208.55 -285.44 0 0 0 -50.946 193.04 -281.42 0 0 0 0 0 0
41.73 120.66 -266.98 13.582 163.62 -274.39 -145.92 208.3 -285.55 0 0 0 -49.648 192.64 -281.29 0 0 0 0 0 0
42.645 119.02 -266.65 14.995 162.38 -274.11 -144.22 207.93 -285.63 0 0 0 -47.885 192.1 -281.25 0 0 0 0 0 0
42.977 118.44 -266.53 15.491 161.9 -273.97 -143.56 207.73 -285.44 0 0 0 -47.248 191.86 -281.15 0 0 0 0 0 0
43.641 117.29 -266.28 16.484 160.94 -273.69 -142.23 207.32 -285.08 0 0 0 -45.972 191.37 -280.95 0 0 0 0 0 0
43.996 116.65 -266.14 17.002 160.38 -273.5 -141.59 206.74 -284.81 0 0 0 -45.317 191.03 -280.79 0 0 0 0 0 0
43.423 117.53 -266.3 16.096 161.05 -273.56 -143.03 205.68 -284.78 0 0 0 -46.521 191.12 -280.76 0 0 0 0 0 0
42.85 118.42 -266.47 15.19 161.72 -273.63 -144.47 204.6 -284.76 0 0 0 -47.725 191.22 -280.73 0 0 0 0 0 0
42.19 119.42 -266.76 14.3 162.66 -273.22 -145.34 203.3 -284.31 0 0 0 -49.255 191.41 -280.51 0 0 0 0 0 0
41.97 119.85 -266.67 13.72 162.95 -272.87 -145.46 201.14 -284 0 0 0 -49.09 192.26 -281.9 0 0 0 0 0 0
40.515 122.19 -266.82 11.185 164.51 -273.3 -149.33 202.66 -282.44 0 0 0 -52.465 192.57 -283.13 0 0 0 0 0 0
38.95 124.44 -267.05 8.805 166.04 -273.8 -149.51 202.57 -282.32 0 0 0 -54.895 193.15 -281.86 0 0 0 0 0 0
38.91 124.57 -266.99 8.69 166.15 -273.83 -149.87 202.38 -282.08 0 0 0 -55.205 193.1 -282.01 0 0 0 0 0 0
38.89 124.58 -267.06 8.69 166.1 -273.75 -150.22 202.19 -281.84 0 0 0 -55.22 193.19 -282.14 0 0 0 0 0 0
38.71 124.96 -267.19 8.32 166.35 -273.92 -150.59 202 -281.61 0 0 0 -55.445 193.25 -282.25 0 0 0 0 0 0
38.69 125 -267.05 8.28 166.4 -273.89 -150.94 201.81 -281.37 0 0 0 -55.535 193.26 -282.22 0 0 0 0 0 0
38.815 124.81 -267.16 8.5196 166.28 -273.87 -151.3 201.61 -281.13 0 0 0 -55.609 193.28 -282.03 0 0 0 0 0 0
38.724 124.97 -267.19 8.3889 166.4 -273.89 -151.66 201.42 -280.89 0 0 0 -55.759 193.31 -281.9 0 0 0 0 0 0
38.633 125.13 -267.22 8.2582 166.52 -273.92 -152.02 201.23 -280.65 0 0 0 -55.908 193.35 -281.78 0 0 0 0 0 0
38.542 125.28 -267.24 8.1274 166.63 -273.94 -152.38 201.04 -280.42 0 0 0 -56.057 193.38 -281.65 0 0 0 0 0 0
38.451 125.44 -267.27 7.9911 166.75 -273.97 -152.7 200.74 -280.34 0 0 0 -56.218 193.4 -281.58 0 0 0 0 0 0
38.357 125.58 -267.31 7.8379 166.85 -274 -152.93 200.14 -280.77 0 0 0 -56.415 193.41 -281.68 0 0 0 0 0 0
38.263 125.73 -267.35 7.6847 166.94 -274.03 -153.15 199.54 -281.2 0 0 0 -56.613 193.42 -281.77 0 0 0 0 0 0
38.17 125.87 -267.39 7.5315 167.04 -274.07 -153.37 198.93 -281.62 0 0 0 -56.81 193.43 -281.87 0 0 0 0 0 0
38.076 126.02 -267.44 7.3783 167.15 -274.1 -153.6 198.33 -282.05 0 0 0 -57.008 193.44 -281.97 0 0 0 0 0 0
38.058 126.07 -267.45 7.3666 167.2 -274.11 -153.59 197.91 -283.1 0 0 0 -57.018 193.43 -281.95 0 0 0 0 0 0
38.066 126.1 -267.45 7.402 167.24 -274.1 -153.5 197.56 -284.36 0 0 0 -56.966 193.43 -281.9 0 0 0 0 0 0
38.559 125.34 -267.23 8.2012 166.7 -273.82 -152.55 198.94 -282.79 0 0 0 -55.906 193.55 -281.71 0 0 0 0 0 0
39.215 124.33 -266.94 9.255 165.98 -273.44 -151.3 200.88 -280.29 0 0 0 -54.51 193.72 -281.47 0 0 0 0 0 0
39.055 124.55 -267.07 8.96 166.19 -273.69 -151.68 201.35 -278.92 0 0 0 -54.935 193.81 -281.74 0 0 0 0 0 0
38.858 124.9 -267.24 8.6433 166.44 -273.86 -151.83 202.18 -277.29 0 0 0 -55.302 193.58 -281.57 0 0 0 0 0 0
40.26 122.65 -266.77 10.76 164.87 -273.44 -149.16 204.08 -278.3 0 0 0 -52.625 193.27 -281.6 0 0 0 0 0 0
40.775 121.46 -266.4 11.675 163.88 -273.25 -147.66 203.87 -278.68 0 0 0 -51.34 192.89 -281.54 0 0 0 0 0 0
42.76 117.98 -265.74 14.85 161.18 -272.83 -143.6 206.23 -280.17 0 0 0 -47.285 192.4 -281.9 0 0 0 0 0 0
43.18 117.22 -265.62 15.505 160.57 -272.73 -142.65 206.41 -280.29 0 0 0 -46.423 192.06 -281.74 0 0 0 0 0 0
44.86 114.16 -265.13 18.125 158.16 -272.31 -138.81 207.15 -280.79 0 0 0 -42.975 190.68 -281.09 0 0 0 0 0 0
44.858 114.11 -265.1 18.13 158.1 -272.3 -138.77 207.31 -280.88 0 0 0 -42.97 190.66 -281.09 0 0 0 0 0 0
44.855 114.04 -265.04 18.139 157.98 -272.27 -138.7 207.63 -281.05 0 0 0 -42.961 190.61 -281.1 0 0 0 0 0 0
44.852 114.02 -265.03 18.132 157.95 -272.26 -138.67 207.78 -281.09 0 0 0 -42.965 190.59 -281.1 0 0 0 0 0 0
44.85 114.02 -265.03 18.12 157.94 -272.26 -138.65 207.86 -281.08 0 0 0 -42.975 190.57 -281.09 0 0 0 0 0 0
44.91 113.91 -265.04 18.46 157.64 -272.24 -138.19 207.73 -280.68 0 0 0 -42.875 190.56 -281.11 0 0 0 0 0 0
45.03 113.69 -265.04 18.65 157.41 -272.15 -137.87 207.91 -280.25 0 0 0 -42.23 190.51 -280.92 0 0 0 0 0 0
46.445 111.3 -264.57 20.555 155.75 -271.93 -135.34 208.32 -280.9 0 0 0 -39.69 189.72 -281.17 0 0 0 0 0 0
46.66 110.93 -264.48 20.86 155.46 -271.97 -134.97 208.26 -280.6 0 0 0 -39.395 189.59 -281.17 0 0 0 0 0 0
47.33 109.7 -264.32 21.785 154.31 -271.76 -133.63 208.21 -280.57 0 0 0 -38.09 189.11 -281.12 0 0 0 0 0 0
47.626 108.94 -264.17 22.337 153.68 -271.66 -132.96 207.97 -280.78 0 0 0 -37.374 188.77 -280.84 0 0 0 0 0 0
48.195 107.95 -264.07 23.11 152.84 -271.62 -131.79 208.01 -280.95 0 0 0 -36.37 188.32 -280.91 0 0 0 0 0 0
48.53 106.83 -263.92 23.855 151.96 -271.45 -130.63 207.92 -281.33 0 0 0 -35.255 187.97 -280.79 0 0 0 0 0 0
49.395 105 -263.71 25.29 150.43 -271.4 -128.59 207.87 -281.57 0 0 0 -33.3 187.38 -280.95 0 0 0 0 0 0
49.959 102.55 -263.29 26.88 148.41 -271.07 -126.07 207.2 -281.21 0 0 0 -31.026 186.33 -280.96 0 0 0 0 0 0
50.195 101.03 -262.75 27.91 147.25 -270.91 -124.36 206.58 -281.09 0 0 0 -29.59 185.72 -280.96 0 0 0 0 0 0
50.255 97.965 -262.35 29.58 144.97 -270.54 -121.6 206.07 -281.87 0 0 0 -26.855 184.82 -280.58 0 0 0 0 0 0
50.35 95.81 -262.07 30.72 143.13 -270.07 -119.63 205.68 -281.89 0 0 0 -24.985 183.97 -280.47 0 0 0 0 0 0
50.365 95.385 -261.98 30.99 142.79 -270.04 -119.2 205.54 -282.02 0 0 0 -24.56 183.92 -280.5 0 0 0 0 0 0
50.365 95.385 -261.98 30.99 142.79 -270.04 -119.2 205.54 -282.02 0 0 0 -24.56 183.92 -280.5 0 0 0 0 0 0
50.42 90.505 -261.14 33.625 138.72 -269.13 -114.27 204.38 -282.44 0 0 0 -20.365 181.82 -280.18 0 0 0 0 0 0
50.42 90.505 -261.14 33.625 138.72 -269.13 -114.27 204.38 -282.44 0 0 0 -20.365 181.82 -280.18 0 0 0 0 0 0
50.555 89.54 -260.71 34.34 137.9 -269.01 -112.97 204.29 -282.66 0 0 0 -19.165 181.51 -280.27 0 0 0 0 0 0
50.5 89.62 -260.81 34.245 138 -269.11 -113.11 204.39 -282.65 0 0 0 -19.26 181.54 -280.22 0 0 0 0 0 0
50.375 89.549 -260.82 34.263 138 -269.09 -113.18 204.17 -282.65 0 0 0 -19.277 181.53 -280.24 0 0 0 0 0 0
50.251 89.579 -260.85 34.224 138.06 -269.06 -113.39 203.86 -282.71 0 0 0 -19.376 181.53 -280.28 0 0 0 0 0 0
50.13 89.91 -260.95 34.014 138.3 -269 -114.02 203.29 -282.89 0 0 0 -19.726 181.54 -280.39 0 0 0 0 0 0
50.245 92.97 -261.91 32.305 140.9 -269.21 -116.88 204.75 -280.59 0 0 0 -22.425 182.62 -280.77 0 0 0 0 0 0
50.265 93.385 -262.02 32.04 141.26 -269.19 -117.03 205.03 -280.45 0 0 0 -22.86 182.87 -280.97 0 0 0 0 0 0
50.149 94.296 -261.88 31.507 142 -269.41 -118.07 204.67 -279.91 0 0 0 -23.705 182.98 -280.85 0 0 0 0 0 0
50.164 94.181 -261.31 31.677 141.84 -269.63 -117.92 204.73 -280 0 0 0 -23.598 182.85 -280.86 0 0 0 0 0 0
50.31 93.04 -260.32 32.55 140.79 -269.85 -116.55 205.19 -280.73 0 0 0 -22.54 182.48 -281.01 0 0 0 0 0 0
50.325 91.675 -259.85 33.292 139.62 -269.51 -115.12 204.98 -280.9 0 0 0 -21.2 181.91 -280.93 0 0 0 0 0 0
50.365 90.013 -259.28 34.23 138.2 -269.14 -113.4 204.8 -281.17 0 0 0 -19.54 181.24 -280.83 0 0 0 0 0 0
50.283 87.996 -258.72 35.292 136.44 -268.75 -111.32 204.41 -281.24 0 0 0 -17.693 180.35 -280.7 0 0 0 0 0 0
50.068 84.557 -257.78 37.027 133.44 -268.03 -107.75 203.54 -281.2 0 0 0 -14.638 178.78 -280.49 0 0 0 0 0 0
50.05 83.33 -257.26 37.585 132.38 -267.64 -106.53 203.77 -281.28 0 0 0 -13.645 178.19 -280.44 0 0 0 0 0 0
49.945 82.277 -256.88 38.04 131.42 -267.25 -105.49 203.68 -281.47 0 0 0 -12.74 177.57 -280.14 0 0 0 0 0 0
49.617 80.403 -256.28 38.87 129.76 -266.66 -103.77 203.57 -281.96 0 0 0 -11.122 176.68 -279.83 0 0 0 0 0 0
49.605 79.2 -255.84 39.47 128.66 -266.31 -102.53 203.47 -282.1 0 0 0 -10.05 176.09 -279.79 0 0 0 0 0 0
49.69 76.4 -255.04 40.87 126.02 -265.57 -99.39 203.03 -282.29 0 0 0 -7.43 174.61 -279.44 0 0 0 0 0 0
49.81 74.9 -254.55 41.678 124.6 -265.17 -97.69 202.96 -282.53 0 0 0 -6.082 173.73 -279.2 0 0 0 0 0 0
49.925 73.01 -253.87 42.565 122.85 -264.63 -95.615 203.06 -282.67 0 0 0 -4.395 172.62 -278.91 0 0 0 0 0 0
50.095 71.52 -253.56 43.29 121.4 -264.28 -94.03 202.8 -282.88 0 0 0 -3.04 171.65 -278.82 0 0 0 0 0 0
50.148 69.857 -253.08 43.974 119.85 -263.83 -92.309 202.62 -282.94 0 0 0 -1.688 170.56 -278.6 0 0 0 0 0 0
50.199 68.763 -252.76 44.444 118.78 -263.51 -91.244 202.41 -283.01 0 0 0 -0.83214 169.82 -278.37 0 0 0 0 0 0
50.295 65.816 -251.92 45.671 115.89 -262.61 -88.28 201.59 -282.94 0 0 0 1.5293 167.92 -277.76 0 0 0 0 0 0
50.307 64.243 -251.5 46.167 114.35 -261.99 -87.149 200.9 -282.76 0 0 0 2.4975 166.84 -277.13 0 0 0 0 0 0
50.142 64.322 -251.66 45.917 114.49 -261.87 -88.05 200.48 -282.59 0 0 0 1.9033 166.86 -276.49 0 0 0 0 0 0
49.896 64.424 -252.08 46.049 114.65 -262.14 -88.307 200.38 -282.61 0 0 0 1.6925 166.88 -276.22 0 0 0 0 0 0
49.676 64.445 -252.48 46.337 114.7 -262.47 -88.254 200.35 -282.64 0 0 0 1.687 166.8 -276.16 0 0 0 0 0 0
49.52 64.475 -252.75 46.69 114.74 -262.79 -88.115 200.35 -282.64 0 0 0 1.745 166.71 -276.35 0 0 0 0 0 0
47.08 64.48 -253.41 46.97 114.69 -263.31 -87.995 200.26 -282.39 0 0 0 1.9 166.62 -276.04 0 0 0 0 0 0
45.635 64.54 -253.62 47.02 114.58 -263.3 -87.91 200.25 -282.46 0 0 0 1.94 166.5 -275.93 0 0 0 0 0 0
44.564 64.599 -253.4 47.057 114.44 -263.26 -87.827 200.28 -282.43 0 0 0 2.0167 166.49 -275.92 0 0 0 0 0 0
45.6 64.065 -253.34 47.215 114.04 -263.06 -87.252 200.49 -282.47 0 0 0 2.4433 166.25 -275.81 0 0 0 0 0 0
48.745 62.94 -253.45 47.495 113.39 -262.69 -86.185 200.89 -282.6 0 0 0 3.22 165.78 -275.61 0 0 0 0 0 0
49.125 62.148 -252.75 47.432 112.61 -262.15 -85.268 201.01 -282.55 0 0 0 3.735 165.51 -275.79 0 0 0 0 0 0
49.263 61.933 -252.48 47.324 112.4 -261.93 -85.306 200.89 -282.54 0 0 0 3.7794 165.38 -275.76 0 0 0 0 0 0
49.298 61.95 -252.38 47.145 112.42 -261.79 -85.665 200.6 -282.44 0 0 0 3.5683 165.4 -275.66 0 0 0 0 0 0
49.385 62.53 -252.35 46.52 112.96 -261.67 -86.655 199.94 -282.17 0 0 0 2.86 165.79 -275.71 0 0 0 0 0 0
49.401 62.622 -252.35 46.591 112.94 -261.73 -86.915 200.19 -282.24 0 0 0 2.775 165.92 -275.7 0 0 0 0 0 0
49.395 62.62 -252.35 46.685 112.84 -261.7 -86.895 200.23 -282.18 0 0 0 2.765 165.91 -275.65 0 0 0 0 0 0
49.45 61.88 -252.1 46.665 112.38 -261.4 -85.865 200.61 -282.06 0 0 0 3.445 165.5 -275.6 0 0 0 0 0 0
49.815 60.085 -251.35 47.625 110.54 -261.15 -83.325 200.49 -282.44 0 0 0 5.325 164.18 -276.18 0 0 0 0 0 0
49.829 60.041 -251.31 47.655 110.48 -261.11 -83.253 200.5 -282.49 0 0 0 5.395 164.12 -276.2 0 0 0 0 0 0
49.908 59.489 -251.05 47.942 109.89 -260.93 -82.536 200.49 -282.61 0 0 0 5.966 163.69 -276.18 0 0 0 0 0 0
50.14 57.545 -250.32 48.91 107.93 -260.4 -80.1 200.37 -282.87 0 0 0 7.83 162.29 -275.96 0 0 0 0 0 0
50.29 55.915 -249.69 49.635 106.25 -259.75 -78.12 200.05 -282.99 0 0 0 9.365 161.12 -275.92 0 0 0 0 0 0
50.425 55.15 -249.26 49.92 105.47 -259.56 -77.175 200.06 -282.97 0 0 0 9.965 160.53 -275.74 0 0 0 0 0 0
50.325 54.65 -248.99 50.1 104.92 -259.36 -76.675 199.92 -283.08 0 0 0 10.4 160.15 -275.74 0 0 0 0 0 0
50.175 53.63 -248.91 50.3 104 -258.92 -75.585 199.97 -283.14 0 0 0 11.105 159.45 -275.5 0 0 0 0 0 0
50.425 52.8 -248.69 50.645 103.12 -258.53 -74.675 199.63 -283.02 0 0 0 11.78 158.79 -275.37 0 0 0 0 0 0
50.525 52.03 -248.59 50.92 102.36 -258.27 -73.995 199.49 -283.39 0 0 0 12.335 158.23 -275.12 0 0 0 0 0 0
50.655 51.075 -248.29 51.235 101.42 -257.88 -73.015 199.26 -283.55 0 0 0 13.08 157.51 -274.98 0 0 0 0 0 0
50.73 50.32 -248.01 51.405 100.72 -257.6 -72.28 199.07 -283.42 0 0 0 13.63 156.94 -274.87 0 0 0 0 0 0
50.83 49.785 -247.72 51.67 100.12 -257.41 -71.525 198.88 -283.2 0 0 0 14.115 156.49 -274.81 0 0 0 0 0 0
51.135 49.13 -247.16 51.83 99.48 -257.23 -70.855 198.76 -283.26 0 0 0 14.45 156.02 -274.59 0 0 0 0 0 0
52.01 48.315 -246.38 51.965 98.76 -256.6 -70.11 198.45 -283.34 0 0 0 15.06 155.47 -274.37 0 0 0 0 0 0
52.01 48.315 -246.38 51.965 98.76 -256.6 -70.11 198.45 -283.34 0 0 0 15.06 155.47 -274.37 0 0 0 0 0 0
53.17 46.88 -245.46 52.22 97.455 -255.81 -68.92 198.27 -283.49 0 0 0 15.93 154.42 -274.06 0 0 0 0 0 0
53.19 46.725 -245.41 52.25 97.32 -255.83 -68.73 198.31 -283.42 0 0 0 16.01 154.3 -274.07 0 0 0 0 0 0
53.455 46.34 -245.12 52.25 96.97 -255.57 -68.405 198.19 -283.27 0 0 0 16.235 154.16 -273.92 0 0 0 0 0 0
53.54 46.005 -244.98 52.39 96.66 -255.51 -68.055 198.16 -283.21 0 0 0 16.455 153.85 -273.91 0 0 0 0 0 0
53.635 45.255 -244.65 52.73 95.855 -255.2 -67.045 197.75 -282.98 0 0 0 16.94 153.4 -273.75 0 0 0 0 0 0
53.75 44.515 -244.36 52.945 95.14 -254.91 -66.21 197.78 -283.27 0 0 0 17.71 152.65 -273.6 0 0 0 0 0 0
53.765 44.26 -244.18 53.055 94.9 -254.8 -65.995 197.61 -283.38 0 0 0 17.955 152.4 -273.51 0 0 0 0 0 0
53.88 42.74 -243.54 53.43 93.37 -254.09 -64.325 197.37 -283.38 0 0 0 19.07 151.23 -273.32 0 0 0 0 0 0
53.975 41.995 -243.22 53.657 92.618 -253.84 -63.46 197.19 -283.32 0 0 0 19.625 150.64 -273.21 0 0 0 0 0 0
54.004 41.273 -242.97 53.818 91.896 -253.53 -62.811 197.05 -283.32 0 0 0 20.148 150.1 -273.05 0 0 0 0 0 0
54.023 40.12 -242.59 54.083 90.757 -253.07 -61.853 196.87 -283.41 0 0 0 20.973 149.2 -272.82 0 0 0 0 0 0
54.089 39.648 -242.41 54.213 90.277 -252.87 -61.461 196.74 -283.41 0 0 0 21.283 148.83 -272.67 0 0 0 0 0 0
54.135 39.32 -242.35 54.26 89.98 -252.69 -61.115 196.63 -283.38 0 0 0 21.41 148.57 -272.53 0 0 0 0 0 0
54.2 39.085 -242.33 54.25 89.78 -252.51 -60.77 196.3 -283.24 0 0 0 21.335 148.42 -272.33 0 0 0 0 0 0
54.225 38.935 -242.31 54.28 89.74 -252.57 -60.725 196.26 -283.14 0 0 0 21.415 148.37 -272.3 0 0 0 0 0 0
54.239 38.906 -242.29 54.288 89.668 -252.52 -60.697 196.22 -283.14 0 0 0 21.442 148.3 -272.24 0 0 0 0 0 0
54.253 38.877 -242.29 54.296 89.596 -252.47 -60.669 196.17 -283.15 0 0 0 21.468 148.23 -272.18 0 0 0 0 0 0
54.256 38.215 -241.86 54.47 88.889 -252.13 -60 195.99 -283.14 0 0 0 21.912 147.66 -271.96 0 0 0 0 0 0
54.255 37.344 -241.3 54.699 87.969 -251.69 -59.117 195.76 -283.14 0 0 0 22.494 146.91 -271.7 0 0 0 0 0 0
54.265 36.611 -240.84 54.909 87.201 -251.32 -58.357 195.58 -283.14 0 0 0 22.997 146.29 -271.49 0 0 0 0 0 0
54.303 36.295 -240.67 55.065 86.883 -251.2 -57.965 195.52 -283.13 0 0 0 23.265 146.06 -271.49 0 0 0 0 0 0
54.325 35.99 -240.5 55.17 86.585 -251.13 -57.63 195.5 -283.18 0 0 0 23.505 145.84 -271.44 0 0 0 0 0 0
54.35 35.645 -240.22 55.275 86.195 -250.88 -56.745 195.43 -283.13 0 0 0 24.04 145.29 -271.4 0 0 0 0 0 0
54.35 35.645 -240.22 55.275 86.195 -250.88 -56.745 195.43 -283.13 0 0 0 24.04 145.29 -271.4 0 0 0 0 0 0
54.35 35.645 -240.22 55.275 86.195 -250.88 -56.745 195.43 -283.13 0 0 0 24.04 145.29 -271.4 0 0 0 0 0 0
54.325 34.97 -239.72 55.515 85.49 -250.66 -55.94 195.26 -283.07 0 0 0 24.59 144.6 -271.12 0 0 0 0 0 0
54.292 34.27 -239.24 55.665 84.757 -250.31 -55.248 195.06 -283.16 0 0 0 24.956 144.26 -271.2 0 0 0 0 0 0
54.29 33.773 -238.93 55.78 84.22 -250.07 -54.826 194.92 -283.19 0 0 0 25.257 143.92 -271.21 0 0 0 0 0 0
54.3 33.575 -238.81 55.82 84.03 -249.94 -54.685 194.85 -283.17 0 0 0 25.41 143.69 -271.15 0 0 0 0 0 0
54.331 33.523 -238.8 55.884 83.831 -249.89 -54.453 194.74 -283.11 0 0 0 25.529 143.5 -271.09 0 0 0 0 0 0
54.344 33.279 -238.62 55.941 83.631 -249.79 -54.176 194.66 -283.09 0 0 0 25.688 143.27 -270.99 0 0 0 0 0 0
54.329 32.926 -238.24 55.996 83.354 -249.59 -53.759 194.5 -283.11 0 0 0 25.98 142.92 -270.89 0 0 0 0 0 0
54.33 32.7 -238.04 56.04 83.145 -249.47 -53.525 194.44 -283.14 0 0 0 26.145 142.71 -270.82 0 0 0 0 0 0
54.315 32.46 -237.83 56.135 82.85 -249.28 -53.015 194.33 -283.1 0 0 0 26.23 142.62 -270.8 0 0 0 0 0 0
54.245 31.63 -237.03 56.405 81.92 -248.97 -51.905 194.19 -283.13 0 0 0 26.89 141.9 -270.76 0 0 0 0 0 0
54.282 31.488 -236.95 56.425 81.782 -248.85 -51.728 194.21 -283.22 0 0 0 27.002 141.78 -270.78 0 0 0 0 0 0
54.35 31.203 -236.75 56.506 81.486 -248.69 -51.448 194.19 -283.35 0 0 0 27.25 141.5 -270.79 0 0 0 0 0 0
54.409 30.93 -236.61 56.578 81.199 -248.55 -51.254 194.14 -283.28 0 0 0 27.501 141.18 -270.77 0 0 0 0 0 0
53.486 30.73 -236.64 56.586 80.98 -248.51 -51.055 194.05 -283.05 0 0 0 27.537 140.84 -270.52 0 0 0 0 0 0
51.725 30.725 -236.77 56.595 80.805 -248.51 -51.04 194.04 -282.71 0 0 0 27.435 140.65 -270.3 0 0 0 0 0 0
50.315 30.79 -237.56 56.535 80.84 -248.57 -51.415 193.9 -282.31 0 0 0 27.225 140.67 -269.8 0 0 0 0 0 0
48.42 31.32 -238.49 56.51 81.075 -248.81 -51.94 193.82 -282.07 0 0 0 26.88 140.92 -269.69 0 0 0 0 0 0
46.975 31.69 -239.68 56.455 81.095 -248.81 -52.045 193.85 -281.98 0 0 0 26.9 140.87 -269.75 0 0 0 0 0 0
45.953 32.038 -240.72 56.488 81.113 -248.79 -52.016 193.85 -281.83 0 0 0 26.843 140.87 -269.7 0 0 0 0 0 0
45.178 32.393 -241.53 56.494 81.09 -248.71 -51.987 193.87 -281.77 0 0 0 26.818 140.83 -269.68 0 0 0 0 0 0
44.403 32.748 -242.34 56.499 81.067 -248.63 -51.958 193.89 -281.72 0 0 0 26.794 140.78 -269.65 0 0 0 0 0 0
43.651 33.02 -241.21 56.615 80.841 -248.44 -51.652 193.66 -281.76 0 0 0 27.014 140.53 -269.58 0 0 0 0 0 0
42.898 33.293 -240.09 56.73 80.616 -248.26 -51.346 193.43 -281.79 0 0 0 27.235 140.27 -269.51 0 0 0 0 0 0
42.145 33.565 -238.96 56.845 80.39 -248.08 -51.04 193.19 -281.82 0 0 0 27.455 140.01 -269.44 0 0 0 0 0 0
41.52 34.92 -235.04 57.035 80.365 -248.09 -50.89 192.94 -281.76 0 0 0 27.76 139.87 -269.42 0 0 0 0 0 0
41.955 34.975 -232.25 57.165 79.765 -247.6 -50.245 192.69 -282.19 0 0 0 28.21 139.29 -269.46 0 0 0 0 0 0
42.586 34.543 -230.62 57.353 79.243 -247.27 -49.586 192.43 -282 0 0 0 28.644 138.87 -269.35 0 0 0 0 0 0
43.588 34.069 -229.56 57.469 78.973 -247.11 -49.262 192.23 -281.95 0 0 0 28.866 138.67 -269.34 0 0 0 0 0 0
44.962 33.553 -229.07 57.513 78.957 -247.13 -49.272 192.09 -282.03 0 0 0 28.876 138.69 -269.41 0 0 0 0 0 0
45.446 32.903 -229.71 57.468 78.897 -247.2 -49.278 192.16 -282.1 0 0 0 28.889 138.68 -269.45 0 0 0 0 0 0
45.61 32.17 -231.01 57.355 78.835 -247.29 -49.385 192.32 -282.24 0 0 0 28.89 138.68 -269.44 0 0 0 0 0 0
46.4 33.555 -227.92 57.565 78.97 -247.09 -49.29 192.06 -282.07 0 0 0 28.825 138.68 -269.41 0 0 0 0 0 0
46.44 33.592 -227.91 57.559 78.984 -247.13 -49.309 192.08 -282.08 0 0 0 28.835 138.66 -269.45 0 0 0 0 0 0
46.379 33.454 -228.23 57.534 78.979 -247.19 -49.33 192.13 -282.09 0 0 0 28.834 138.66 -269.49 0 0 0 0 0 0
46.013 32.791 -229.57 57.455 78.916 -247.31 -49.357 192.25 -282.1 0 0 0 28.801 138.69 -269.5 0 0 0 0 0 0
45.83 32.46 -230.25 57.415 78.885 -247.36 -49.37 192.32 -282.11 0 0 0 28.785 138.7 -269.51 0 0 0 0 0 0
45.362 31.33 -232.21 57.322 78.528 -247.24 -49.083 192.27 -281.95 0 0 0 28.88 138.49 -269.29 0 0 0 0 0 0
45.015 30.975 -231.98 57.443 78.115 -247 -48.618 192.19 -282.01 0 0 0 29.11 138.11 -269.11 0 0 0 0 0 0
44.735 30.802 -231.7 57.542 77.843 -246.84 -48.282 192.12 -282.13 0 0 0 29.265 137.83 -269.02 0 0 0 0 0 0
44.585 30.68 -231.79 57.555 77.73 -246.76 -48.188 192.05 -282.15 0 0 0 29.3 137.7 -268.94 0 0 0 0 0 0
44.455 31.118 -233.41 57.322 78.498 -247.09 -49.175 192.31 -282.31 0 0 0 28.705 138.34 -269 0 0 0 0 0 0
44.325 31.305 -235.47 57.06 79.175 -247.4 -49.955 192.66 -282.49 0 0 0 28.135 138.95 -269.05 0 0 0 0 0 0
44.27 31.44 -235.14 57.085 79.19 -247.35 -49.955 192.66 -282.54 0 0 0 28.148 138.93 -269.04 0 0 0 0 0 0
44.215 31.575 -234.8 57.11 79.205 -247.32 -49.955 192.67 -282.6 0 0 0 28.16 138.91 -269.02 0 0 0 0 0 0
44.063 32.773 -236 56.868 80.267 -247.74 -51.163 192.79 -282.66 0 0 0 27.465 139.82 -269.27 0 0 0 0 0 0
43.845 34.407 -237.04 56.605 81.635 -248.27 -52.685 192.91 -282.65 0 0 0 26.563 140.96 -269.58 0 0 0 0 0 0
43.27 36.655 -236.71 56.483 83.325 -249.1 -54.495 193.32 -282.52 0 0 0 25.422 142.27 -270.01 0 0 0 0 0 0
41.273 39.487 -235.94 56.498 84.953 -250.07 -56.05 193.74 -282.6 0 0 0 24.398 143.5 -270.46 0 0 0 0 0 0
39.23 40.752 -235.33 56.61 85.135 -250.33 -56.075 193.69 -282.72 0 0 0 24.335 143.6 -270.56 0 0 0 0 0 0
37.343 40.398 -234.69 56.8 83.763 -249.68 -54.54 193.36 -282.88 0 0 0 25.378 142.53 -270.33 0 0 0 0 0 0
35.88 39.797 -234.04 57 82.358 -248.97 -53.028 193.09 -283.05 0 0 0 26.44 141.43 -270.07 0 0 0 0 0 0
34.96 39.815 -233.45 57.055 81.63 -248.47 -52.373 192.89 -283.13 0 0 0 26.938 140.82 -269.85 0 0 0 0 0 0
33.585 39.748 -232.2 57.227 80.183 -247.72 -50.718 192.35 -283.27 0 0 0 27.865 139.66 -269.51 0 0 0 0 0 0
32.975 39.621 -231.54 57.34 79.352 -247.36 -49.652 192.02 -283.32 0 0 0 28.355 139.04 -269.36 0 0 0 0 0 0
32.505 39.238 -231.06 57.426 78.508 -246.78 -48.562 191.72 -283.33 0 0 0 29.034 138.23 -269.21 0 0 0 0 0 0
30.775 37.94 -228.99 57.83 75.24 -244.7 -44.52 190.57 -283.56 0 0 0 31.69 135.01 -268.63 0 0 0 0 0 0
30.65 37.73 -228.99 57.82 75.005 -244.65 -44.325 190.57 -283.73 0 0 0 31.87 134.86 -268.62 0 0 0 0 0 0
30.058 37.094 -228.16 58.06 73.593 -243.71 -42.681 190.08 -283.6 0 0 0 32.718 133.52 -268.14 0 0 0 0 0 0
29.769 36.215 -227.56 58.216 72.367 -242.83 -41.364 189.61 -283.57 0 0 0 33.425 132.33 -267.71 0 0 0 0 0 0
29.642 35.54 -227.04 58.375 71.463 -242.21 -40.458 189.26 -283.38 0 0 0 33.915 131.44 -267.4 0 0 0 0 0 0
29.532 35.087 -226.66 58.545 70.79 -241.82 -39.73 189.06 -283.12 0 0 0 34.275 130.79 -267.19 0 0 0 0 0 0
29.625 34.612 -226.44 58.65 70.265 -241.52 -39.165 188.89 -282.98 0 0 0 34.6 130.29 -267.06 0 0 0 0 0 0
30.765 32.59 -225.83 58.86 69.313 -240.92 -38.08 188.41 -282.93 0 0 0 35.227 129.42 -266.92 0 0 0 0 0 0
31.735 30.785 -225.3 59.04 68.535 -240.41 -37.135 188.03 -282.94 0 0 0 35.73 128.71 -266.8 0 0 0 0 0 0
32.782 28.679 -223.98 59.409 67.146 -239.49 -35.455 187.64 -282.8 0 0 0 36.687 127.33 -266.33 0 0 0 0 0 0
33.48 27.275 -223.1 59.655 66.22 -238.88 -34.335 187.38 -282.7 0 0 0 37.325 126.41 -266.01 0 0 0 0 0 0
33.465 26.905 -222.76 59.74 65.775 -238.51 -33.875 187.24 -282.7 0 0 0 37.55 125.97 -265.81 0 0 0 0 0 0
33.455 26.644 -222.55 59.842 65.441 -238.3 -33.489 187.06 -282.63 0 0 0 37.767 125.61 -265.67 0 0 0 0 0 0
33.738 25.606 -221.71 60.154 64.392 -237.57 -32.243 186.55 -282.44 0 0 0 38.473 124.53 -265.26 -48.812 71.142 -95.058 0 0 0
34.315 23.79 -220.24 60.675 62.63 -236.31 -30.135 185.72 -282.12 0 0 0 39.67 122.72 -264.59 -146.44 213.43 -285.18 0 0 0
34.31 23.285 -220.63 60.735 62.375 -236.22 -30.135 185.63 -281.77 0 0 0 39.515 122.44 -264.33 -146.35 212.79 -285.2 0 0 0
33.67 24.28 -220.59 60.72 62.625 -236.14 -30.78 185.57 -281.4 0 0 0 39.095 122.59 -264.03 -146.94 211.98 -285.17 0 0 0
33.054 25.101 -220.7 60.708 62.732 -236.1 -30.898 185.62 -281.38 0 0 0 39.026 122.61 -264.05 -147.17 211.69 -285.25 0 0 0
31.822 26.744 -220.94 60.683 62.946 -236.02 -31.134 185.72 -281.35 0 0 0 38.887 122.66 -264.09 -147.63 211.12 -285.41 0 0 0
31.866 27.313 -220.22 60.782 62.876 -235.92 -30.984 185.68 -281.37 0 0 0 38.926 122.58 -264.09 -147.45 211.29 -285.6 0 0 0
32.335 27.524 -219.19 60.921 62.712 -235.81 -30.707 185.6 -281.4 0 0 0 39.023 122.47 -264.08 -147.05 211.71 -285.8 0 0 0
32.804 27.734 -218.16 61.061 62.548 -235.7 -30.429 185.52 -281.43 0 0 0 39.121 122.35 -264.07 -146.65 212.13 -286 0 0 0
33.273 27.945 -217.13 61.201 62.384 -235.59 -30.152 185.44 -281.46 0 0 0 39.219 122.22 -264.06 -146.26 212.56 -286.19 0 0 0
34.086 26.551 -217.39 61.251 62.269 -235.64 -30.039 185.4 -281.42 0 0 0 39.371 122.08 -264.05 -146.17 212.54 -286.1 0 0 0
34.899 25.157 -217.65 61.3 62.153 -235.69 -29.926 185.36 -281.37 0 0 0 39.524 121.94 -264.05 -146.09 212.52 -286.01 0 0 0
35.305 24.46 -217.78 61.325 62.095 -235.72 -29.87 185.34 -281.35 0 0 0 39.6 121.87 -264.05 -146.04 212.51 -285.96 0 0 0
36.775 23.3 -217.68 61.41 62.065 -235.73 -29.845 185.29 -281.4 0 0 0 39.63 121.87 -264.07 -146.06 212.36 -285.68 0 0 0
37.288 22.007 -218.88 61.405 61.97 -235.75 -29.825 185.33 -281.3 0 0 0 39.638 121.93 -264.16 -146.03 212.05 -285.29 0 0 0
37.215 21.04 -219.78 61.505 61.64 -235.49 -29.255 185.31 -281.41 0 0 0 39.985 121.49 -264.01 -145.44 211.33 -284.36 0 0 0
37.22 20.81 -219.87 61.55 61.46 -235.42 -29.02 185.31 -281.56 0 0 0 40.175 121.39 -263.99 -145.32 211.15 -284.15 0 0 0
37.22 20.81 -219.87 61.55 61.46 -235.42 -29.02 185.31 -281.56 0 0 0 40.175 121.39 -263.99 -145.32 211.15 -284.15 0 0 0
37.465 19.43 -218.63 62.02 59.93 -234.25 -27.075 184.59 -281.43 0 0 0 41.26 119.74 -263.41 -143.39 210.29 -284.62 0 0 0
37.275 18.405 -217.49 62.32 58.505 -233.31 -25.165 183.77 -281.38 0 0 0 42.255 118.31 -262.96 -141.31 209.75 -284.69 0 0 0
37.275 18.405 -217.49 62.32 58.505 -233.31 -25.165 183.77 -281.38 0 0 0 42.255 118.31 -262.96 -141.31 209.75 -284.69 0 0 0
37.217 16.607 -215.37 62.932 56.263 -231.36 -22.259 182.43 -281.12 0 0 0 43.875 115.86 -262.05 -138.2 208.83 -285.2 0 0 0
37.168 15.851 -214.59 63.163 55.326 -230.61 -21.082 181.9 -281.12 0 0 0 44.529 114.87 -261.71 -136.94 208.31 -285.17 0 0 0
37.127 15.408 -214.22 63.27 54.788 -230.23 -20.468 181.61 -281.09 0 0 0 44.858 114.33 -261.53 -136.21 208.01 -285.08 0 0 0
37.11 15.17 -214.03 63.325 54.5 -230.02 -20.155 181.46 -281.01 0 0 0 45.02 114.05 -261.43 -135.81 207.91 -285.1 0 0 0
36.73 14.595 -213.14 63.585 53.445 -228.92 -18.71 180.82 -280.93 0 0 0 45.6 112.72 -260.83 -134.31 207.61 -284.99 0 0 0
36.705 14.27 -212.63 63.735 52.98 -228.53 -18.135 180.51 -280.93 0 0 0 45.915 112.22 -260.63 -133.81 207.44 -284.93 0 0 0
36.875 14.17 -211.91 63.86 52.625 -228.18 -17.98 180.25 -280.67 0 0 0 45.99 111.79 -260.42 -133.32 207.47 -284.99 0 0 0
36.875 14.17 -211.91 63.86 52.625 -228.18 -17.98 180.25 -280.67 0 0 0 45.99 111.79 -260.42 -133.32 207.47 -284.99 0 0 0
36.46 14.895 -212.34 63.895 52.99 -228.54 -18.795 180.48 -280.29 0 0 0 45.38 112.09 -260.44 -134.38 207.18 -285.2 0 0 0
36.493 15.06 -212.16 63.926 53.02 -228.54 -18.856 180.5 -280.28 0 0 0 45.362 112.1 -260.44 -134.44 207.27 -285.12 0 0 0
36.526 15.225 -211.99 63.957 53.05 -228.54 -18.916 180.51 -280.27 0 0 0 45.344 112.12 -260.44 -134.5 207.36 -285.03 0 0 0
36.565 15.376 -211.79 63.99 53.064 -228.53 -18.961 180.52 -280.26 0 0 0 45.328 112.13 -260.44 -134.53 207.47 -284.95 0 0 0
36.625 15.481 -211.5 64.03 53.029 -228.48 -18.959 180.5 -280.27 0 0 0 45.319 112.13 -260.44 -134.5 207.62 -284.86 0 0 0
36.685 15.587 -211.22 64.07 52.993 -228.44 -18.956 180.48 -280.27 0 0 0 45.31 112.13 -260.44 -134.47 207.77 -284.76 0 0 0
36.765 15.57 -211.27 64.075 52.995 -228.5 -18.88 180.42 -280.26 0 0 0 45.345 112.07 -260.42 -134.41 207.82 -284.63 0 0 0
36.743 15.413 -211.29 64.065 52.903 -228.46 -18.802 180.38 -280.23 0 0 0 45.388 111.99 -260.38 -134.36 207.83 -284.67 0 0 0
36.5 15.512 -211.07 64.245 52.63 -228.1 -18.433 180.19 -280.13 0 0 0 45.532 111.6 -260.19 -134.02 207.85 -284.61 0 0 0
36.2 15.435 -211.1 64.45 52.355 -227.74 -18.025 180.01 -280.02 0 0 0 45.695 111.18 -259.94 -133.67 207.86 -284.58 0 0 0
36.305 15.565 -210.31 64.57 52.02 -227.4 -17.395 179.79 -280.1 0 0 0 45.79 111.1 -259.93 -132.84 208.08 -284.76 0 0 0
36.26 15.67 -209.31 64.68 51.6 -227.1 -16.66 179.59 -280.51 0 0 0 46.46 110.4 -259.82 -132.07 208.49 -284.82 0 0 0
36.235 15.245 -210 64.58 51.545 -227.26 -16.87 179.61 -280.25 0 0 0 46.315 110.38 -259.73 -132.32 208.11 -284.94 0 0 0
36.34 15.625 -209.29 64.6 51.555 -227.24 -17.01 179.49 -280.14 0 0 0 46.315 110.41 -259.76 -132.51 207.06 -285.57 0 0 0
36.135 14.53 -211.11 64.55 51.59 -227.15 -17.045 179.57 -279.94 0 0 0 46.245 110.4 -259.72 -132.72 206.9 -284.69 0 0 0
36.195 14.555 -211.13 64.53 51.635 -227.21 -17.12 179.63 -279.93 0 0 0 46.22 110.41 -259.71 -132.45 207.35 -284.8 0 0 0
36.162 15.067 -210.68 64.558 51.667 -227.28 -17.238 179.62 -279.94 0 0 0 46.144 110.45 -259.71 -132.64 207.27 -284.62 0 0 0
36.129 15.578 -210.24 64.587 51.7 -227.36 -17.357 179.62 -279.95 0 0 0 46.068 110.5 -259.7 -132.84 207.2 -284.43 0 0 0
36.097 16.09 -209.79 64.615 51.733 -227.43 -17.475 179.62 -279.96 0 0 0 45.991 110.54 -259.7 -133.03 207.12 -284.25 0 0 0
36.064 16.601 -209.35 64.643 51.765 -227.51 -17.593 179.61 -279.98 0 0 0 45.915 110.58 -259.69 -133.22 207.04 -284.07 0 0 0
35.963 17.005 -209.04 64.678 51.747 -227.51 -17.605 179.59 -279.98 0 0 0 45.894 110.57 -259.66 -133.27 207.02 -283.97 0 0 0
35.794 17.3 -208.88 64.72 51.678 -227.45 -17.511 179.55 -279.97 0 0 0 45.929 110.48 -259.6 -133.16 207.05 -283.96 0 0 0
35.626 17.596 -208.71 64.762 51.609 -227.38 -17.418 179.51 -279.96 0 0 0 45.965 110.39 -259.55 -133.06 207.08 -283.95 0 0 0
35.457 17.891 -208.55 64.803 51.541 -227.32 -17.324 179.48 -279.95 0 0 0 46 110.31 -259.49 -132.95 207.11 -283.94 0 0 0
35.289 18.187 -208.38 64.845 51.472 -227.25 -17.23 179.44 -279.95 0 0 0 46.035 110.22 -259.44 -132.85 207.14 -283.94 0 0 0
35.12 18.482 -208.22 64.887 51.403 -227.19 -17.136 179.4 -279.94 0 0 0 46.07 110.14 -259.38 -132.74 207.18 -283.93 0 0 0
34.952 18.778 -208.05 64.929 51.334 -227.12 -17.042 179.36 -279.93 0 0 0 46.105 110.05 -259.33 -132.64 207.21 -283.92 0 0 0
34.787 18.721 -208.32 64.907 51.349 -227.14 -17.111 179.36 -279.89 0 0 0 46.051 110.07 -259.34 -132.73 207.04 -283.86 0 0 0
34.622 18.664 -208.58 64.886 51.363 -227.15 -17.18 179.36 -279.85 0 0 0 45.997 110.08 -259.35 -132.82 206.87 -283.8 0 0 0
34.515 18.615 -208.76 64.87 51.38 -227.17 -17.225 179.38 -279.82 0 0 0 45.96 110.09 -259.35 -132.88 206.78 -283.78 0 0 0
34.455 18.615 -208.96 64.865 51.41 -227.19 -17.275 179.39 -279.82 0 0 0 45.93 110.12 -259.34 -132.93 206.85 -283.79 0 0 0
34.385 18.79 -209.21 64.73 51.715 -227.39 -17.745 179.58 -279.69 0 0 0 45.795 110.26 -259.37 -133.5 206.96 -283.83 0 0 0
34.385 18.79 -209.24 64.745 51.755 -227.41 -17.54 179.48 -279.76 0 0 0 45.77 110.29 -259.38 -133.23 206.9 -283.84 0 0 0
34.33 18.93 -209.35 64.73 51.855 -227.49 -17.885 179.61 -279.73 0 0 0 45.565 110.55 -259.48 -133.76 206.97 -284.07 0 0 0
34.347 18.987 -209.31 64.728 51.886 -227.5 -17.926 179.63 -279.73 0 0 0 45.545 110.59 -259.49 -133.77 207 -284.06 0 0 0
34.38 19.1 -209.23 64.723 51.948 -227.52 -18.008 179.68 -279.74 0 0 0 45.505 110.66 -259.51 -133.78 207.06 -284.06 0 0 0
34.457 19.254 -209.04 64.734 51.983 -227.54 -18.029 179.71 -279.76 0 0 0 45.481 110.71 -259.52 -133.74 207.23 -284.09 0 0 0
34.579 19.448 -208.75 64.761 51.991 -227.55 -17.99 179.71 -279.78 0 0 0 45.474 110.75 -259.53 -133.64 207.52 -284.14 0 0 0
34.655 19.575 -208.5 64.78 51.943 -227.51 -17.917 179.66 -279.82 0 0 0 45.497 110.73 -259.53 -133.5 207.8 -284.31 0 0 0
34.686 19.636 -208.34 64.77 51.894 -227.46 -17.881 179.64 -279.82 0 0 0 45.539 110.68 -259.51 -133.37 207.98 -284.44 0 0 0
34.675 19.706 -208.18 64.798 51.806 -227.35 -17.8 179.6 -279.81 0 0 0 45.616 110.56 -259.47 -133.19 208.09 -284.5 0 0 0
34.535 19.8 -208.01 64.96 51.55 -227.04 -17.51 179.44 -279.82 0 0 0 45.81 110.22 -259.32 -132.85 208.04 -284.44 0 0 0
34.24 19.625 -207.54 65.225 50.83 -226.38 -16.34 178.9 -279.64 0 0 0 46.165 109.61 -259.02 -132.06 208.21 -284.7 0 0 0
34.24 19.625 -207.54 65.225 50.83 -226.38 -16.34 178.9 -279.64 0 0 0 46.165 109.61 -259.02 -132.06 208.21 -284.7 0 0 0
33.66 18.605 -205.43 65.7 48.74 -224.35 -13.44 177.57 -279.61 0 0 0 47.84 106.91 -257.86 -128.27 208.01 -284.55 0 0 0
33.385 17.93 -204.85 65.805 47.71 -223.72 -11.915 177.03 -279.76 0 0 0 48.63 105.89 -257.53 -126.42 208.43 -284.8 0 0 0
33.385 17.93 -204.85 65.805 47.71 -223.72 -11.915 177.03 -279.76 0 0 0 48.63 105.89 -257.53 -126.42 208.43 -284.8 0 0 0
33.25 17.56 -204.47 65.825 47.115 -223.42 -11.08 176.69 -279.72 0 0 0 49.02 105.28 -257.42 -125.63 208.49 -284.93 0 0 0
31.85 15.575 -201.57 66.19 43.07 -219.59 -6.305 173.79 -279.29 0 0 0 51.195 100.72 -255.12 -120.22 207.32 -286.26 0 0 0
31.675 15.36 -201.36 66.015 42.645 -219.22 -5.81 173.51 -279.2 0 0 0 51.37 100.25 -254.8 -119.36 207.28 -286.4 0 0 0
31.535 15.18 -200.93 66.14 42.19 -218.82 -5.345 173.21 -279.11 0 0 0 51.64 99.785 -254.63 -118.95 207.16 -286.5 0 0 0
31.26 14.77 -200.37 66.135 41.53 -218.21 -4.385 172.69 -278.82 0 0 0 51.97 98.94 -254.17 -117.9 207.03 -286.35 0 0 0
30.86 14.39 -200.13 66.09 40.945 -217.53 -3.84 172.23 -278.74 0 0 0 52.22 98.335 -253.99 -117.04 206.69 -285.65 0 0 0
29.995 12.71 -201.68 66.21 40.815 -216.18 -3.65 171.75 -278.77 0 0 0 52.25 97.55 -253.24 -117.17 205.81 -283.68 0 0 0
30.059 12.903 -201.69 66.262 41.028 -216.22 -3.96 171.83 -278.71 0 0 0 52.095 97.704 -253.25 -117.36 205.82 -283.85 0 0 0
30.258 13.473 -202.1 66.32 41.74 -216.7 -4.834 172.31 -278.69 0 0 0 51.711 98.413 -253.57 -118.44 205.96 -284.09 0 0 0
30.86 15.99 -203.96 65.955 45.3 -219.4 -8.855 174.87 -279.02 0 0 0 49.875 102.13 -255.51 -123.06 207.06 -284.19 0 0 0
30.93 15.69 -205.06 65.97 45.93 -219.4 -9.54 175.06 -278.98 0 0 0 49.585 102.61 -255.85 -123.86 207.12 -283.66 0 0 0
31.535 16.375 -208.12 65.24 49.235 -221.18 -13.41 177.04 -278.8 0 0 0 47.58 105.83 -257.13 -128 207.6 -283.19 0 0 0
32.166 18.35 -210.09 64.096 52.974 -224.1 -18.066 179.43 -279.23 0 0 0 45.25 109.85 -258.97 -133.54 208.28 -282.92 0 0 0
32.71 19.99 -213.76 63.42 56.53 -226.01 -22.07 181.21 -279.52 0 0 0 43.27 112.86 -260.14 -138.07 208.14 -281.43 0 0 0
33.677 21.745 -215.1 61.524 60.207 -229.03 -26.708 183.42 -279.69 0 0 0 40.774 117.1 -261.86 -142.84 208.69 -280.27 0 0 0
34.335 23.76 -216.79 60.71 63.595 -230.99 -30.47 185.05 -279.77 0 0 0 38.8 120.8 -263.35 -145.46 208.49 -279.33 0 0 0
35.185 26.375 -219.82 59.715 67.585 -233.22 -35.155 187.03 -280.31 0 0 0 36.24 124.99 -264.62 -148.85 208.32 -276.94 0 0 0
35.6 26.745 -220.55 59.41 68.515 -233.73 -36.085 187.26 -280.27 0 0 0 35.685 125.94 -264.9 -149.21 208.33 -276.14 0 0 0
35.83 26.965 -220.61 59.31 68.785 -233.93 -36.485 187.44 -280.33 0 0 0 35.505 126.24 -265.05 -149.22 208.29 -276.06 0 0 0
35.855 26.855 -220.72 59.26 68.735 -233.82 -36.375 187.43 -280.41 0 0 0 35.59 126.17 -265.07 -149.25 208.51 -275.9 0 0 0
35.85 27.57 -220.65 59.2 69.4 -234.43 -37.17 187.59 -280.7 0 0 0 35.155 126.83 -265.27 -149.1 208.01 -276.36 0 0 0
35.85 27.57 -220.65 59.2 69.4 -234.43 -37.17 187.59 -280.7 0 0 0 35.155 126.83 -265.27 -148.96 207.51 -276.82 0 0 0
35.72 27.985 -220.09 59.29 69.495 -234.41 -37.25 187.46 -280.57 0 0 0 35.195 126.89 -265.32 -148.81 207.02 -277.27 0 0 0
35.82 28.225 -219.46 59.32 69.405 -234.32 -37.16 187.43 -280.62 0 0 0 35.27 126.8 -265.32 -148.66 206.53 -277.73 0 0 0
35.82 28.285 -219.47 59.26 69.415 -234.27 -37.24 187.37 -280.56 0 0 0 35.26 126.81 -265.32 -148.51 206.03 -278.19 0 0 0
35.76 28.285 -219 59.41 69.385 -234.35 -36.83 187.22 -280.69 0 0 0 35.37 126.8 -265.38 -148.37 205.53 -278.65 0 0 0
35.75 28.145 -219.12 59.455 69.34 -234.38 -36.735 187.25 -280.82 0 0 0 35.42 126.76 -265.38 -148.22 205.03 -279.11 0 0 0
35.56 28.185 -218.82 59.525 69.265 -234.47 -36.58 187.2 -280.6 0 0 0 35.465 126.75 -265.39 -148.07 204.54 -279.57 0 0 0
35.485 28.065 -218.77 59.58 69.13 -234.44 -36.815 187.26 -280.67 0 0 0 35.56 126.63 -265.36 -147.93 204.04 -280.02 0 0 0
35.29 28.265 -217.98 59.575 69.115 -234.47 -36.535 187.25 -280.49 0 0 0 35.575 126.61 -265.37 -147.79 203.54 -280.48 0 0 0
35.257 27.63 -218.66 59.372 68.65 -233.98 -36.138 187.13 -280.63 0 0 0 35.808 126.17 -265.18 -148.48 202.84 -280.74 0 0 0
35.347 28.09 -218.9 59.212 69.222 -234.19 -36.898 187.19 -280.79 0 0 0 35.341 126.72 -265.23 -149.1 202.53 -280.9 0 0 0
35.473 29.035 -219.23 59.018 70.177 -234.83 -38.005 187.58 -280.71 0 0 0 34.647 127.67 -265.53 -149.04 202.98 -280.72 0 0 0
35.659 29.805 -219.68 58.873 70.982 -235.61 -38.994 188.02 -280.76 0 0 0 34.062 128.55 -265.93 -148.45 203.79 -280.3 0 0 0
36.036 29.402 -218.41 59.054 70.284 -235.35 -38.205 187.82 -281.17 0 0 0 34.637 127.96 -265.9 -147.87 204.6 -279.89 0 0 0
36.505 28.65 -217.13 59.015 69.42 -234.86 -37.17 187.32 -280.98 0 0 0 35.235 127.17 -265.58 -147.29 205.41 -279.47 0 0 0
36.743 27.803 -215.66 59.055 68.322 -234.31 -35.747 187.12 -280.51 0 0 0 35.955 126.13 -265.4 -146.7 206.22 -279.06 0 0 0
36.815 27.775 -215.16 59.105 68.035 -234.11 -35.395 186.99 -280.71 0 0 0 36.155 125.83 -265.26 -146.12 207.04 -278.64 0 0 0
36.981 27.47 -214.4 59.097 67.554 -233.86 -34.837 186.65 -280.84 0 0 0 36.58 125.41 -265.18 -145.53 207.85 -278.23 0 0 0
36.986 26.257 -213.11 59.421 65.957 -232.89 -32.808 185.91 -281.04 0 0 0 37.79 123.84 -264.68 -144.91 208.55 -277.92 0 0 0
36.76 23.115 -210.76 60.455 61.955 -230.57 -27.84 184.28 -281.55 0 0 0 40.68 119.86 -263.45 -144.22 208.93 -277.95 0 0 0
36.57 20.37 -209.32 60.835 59.005 -228.22 -23.825 182.59 -281.81 0 0 0 42.85 116.81 -262.24 -139.91 207.98 -278.37 0 0 0
36.075 18.405 -207.59 61.05 56.71 -226.48 -20.875 181.39 -282.01 0 0 0 44.475 114.45 -261.33 -136.62 207.13 -279.44 0 0 0
35.73 17.195 -204.54 61.68 54.06 -224.91 -17.63 179.81 -281.94 0 0 0 46.075 111.79 -260.32 -133.2 207.36 -279.97 0 0 0
35.595 16.68 -203.97 61.74 53.42 -224.49 -16.815 179.5 -281.94 0 0 0 46.465 111.15 -260.1 -132.39 207.32 -280.07 0 0 0
34.795 16.744 -200.1 61.834 50.974 -223.1 -14.211 178.18 -282.08 0 0 0 47.701 109.03 -259.2 -129.53 207.46 -280.9 0 0 0
34.885 17.37 -197.22 61.972 49.313 -222.97 -12.955 177.25 -281.83 0 0 0 48.315 107.85 -258.67 -127.8 208.63 -281.65 0 0 0
34.469 16.268 -195.75 61.926 47.95 -221.99 -11.115 176.39 -281.65 0 0 0 49.049 106.05 -257.77 -125.91 208.35 -281.32 0 0 0
34.313 16.03 -194.82 61.92 47.14 -221.65 -10.69 176.27 -281.66 0 0 0 49.48 105.19 -257.38 -124.6 208.38 -281.23 0 0 0
34.173 15.672 -194.25 61.855 46.538 -221.28 -9.69 175.78 -281.74 0 0 0 49.792 104.61 -257.18 -123.8 208.25 -281.04 0 0 0
34.08 15.442 -193.79 61.807 45.872 -220.95 -8.6208 175.25 -281.83 0 0 0 50.121 103.99 -256.95 -122.9 208.06 -280.7 0 0 0
33.952 15.202 -193.36 61.822 45.477 -220.75 -8.0311 174.97 -281.79 0 0 0 50.318 103.5 -256.75 -122.18 207.87 -280.32 0 0 0
33.675 14.67 -192.69 61.82 44.815 -220.28 -6.99 174.49 -281.7 0 0 0 50.68 102.63 -256.4 -120.92 207.6 -279.86 0 0 0
33.337 14.243 -192.7 61.767 43.902 -219.9 -6.1617 174.24 -281.79 0 0 0 51.025 102.06 -256.17 -119.84 207.37 -279.83 0 0 0
32.815 13.695 -192.35 61.505 43.015 -219.26 -5.09 173.76 -281.78 0 0 0 51.39 101.16 -255.79 -118.67 206.82 -280.55 0 0 0
32.521 13.143 -191.63 61.483 42.221 -218.65 -4.192 173.14 -281.6 0 0 0 51.756 100.27 -255.4 -117.85 206.59 -280.79 0 0 0
32.41 13.415 -190.48 61.47 41.47 -218.44 -3.905 172.62 -281.05 0 0 0 52.01 99.545 -255.32 -118.24 205.89 -283.04 0 0 0
32.094 12.933 -189.72 61.228 40.548 -217.88 -2.965 172.15 -280.88 0 0 0 52.288 98.573 -254.86 -117.11 205.18 -283.4 0 0 0
31.467 12.042 -188.41 60.805 38.861 -216.87 -1.222 171.24 -280.62 0 0 0 52.828 96.81 -254.04 -115.01 204.2 -283.78 0 0 0
30.855 11.37 -187.78 60.565 37.645 -216.19 0.11 170.44 -280.62 0 0 0 53.32 95.59 -253.54 -113.41 204.59 -283.07 0 0 0
29.755 10.085 -186.39 59.945 35.985 -214.74 1.925 169.19 -280.13 0 0 0 53.76 93.68 -252.48 -111.05 204.15 -282.65 0 0 0
29.275 9.575 -186.32 59.73 35.35 -214.32 2.615 168.82 -280.14 0 0 0 53.975 93.04 -252.21 -110.39 204.17 -283.06 0 0 0
28.27 8.415 -185.01 59.125 33.75 -212.97 4.24 167.54 -279.92 0 0 0 54.37 91.3 -251.31 -108.38 203.49 -283.26 0 0 0
28.04 8.275 -184.9 59.025 33.46 -212.7 4.56 167.36 -279.85 0 0 0 54.465 90.965 -251.19 -108.05 203.27 -283.37 0 0 0
26.07 7.245 -183.98 57.86 31.385 -211.1 6.845 165.88 -279.63 0 0 0 54.985 88.69 -250.15 -105.12 202.85 -283.82 0 0 0
24.525 6.565 -183.22 56.87 30.14 -209.72 8.335 164.79 -279.37 0 0 0 55.145 87.15 -249.16 -103.14 202.59 -284.05 0 0 0
22.66 5.525 -182.48 55.52 28.79 -208.19 9.72 163.48 -278.9 0 0 0 55.165 85.47 -248.12 -101.2 202.54 -284.01 0 0 0
21.618 4.8708 -182.1 54.83 28.074 -207.43 10.398 162.79 -278.79 0 0 0 55.155 84.601 -247.61 -100.18 202.51 -283.99 0 0 0
20.416 3.9528 -181.84 53.96 27.288 -206.56 11.21 162.01 -278.63 0 0 0 55.128 83.617 -246.98 -99.008 202.46 -283.99 0 0 0
19.483 3.0949 -181.73 53.261 26.716 -205.94 11.825 161.39 -278.45 0 0 0 55.075 82.888 -246.46 -98.059 202.48 -284.05 0 0 0
18.475 2.119 -181.72 52.521 26.107 -205.27 12.494 160.73 -278.28 0 0 0 55.017 82.113 -245.9 -96.996 202.52 -284.15 0 0 0
17.39 1.025 -181.82 51.74 25.46 -204.56 13.215 160.04 -278.1 0 0 0 54.955 81.29 -245.31 -95.82 202.57 -284.3 0 0 0
15.942 -1.8983 -181.59 50.325 24.312 -203.48 14.572 158.86 -277.81 0 0 0 54.82 79.89 -244.35 -93.702 202.83 -284.82 0 0 0
15.447 -3.8204 -182.36 49.544 23.928 -203.1 14.58 158.42 -277.53 0 0 0 54.513 79.445 -243.98 -93.669 202.56 -284.52 0 0 0
14.953 -5.7424 -183.14 48.762 23.545 -202.73 14.589 157.97 -277.25 0 0 0 54.206 79 -243.61 -93.636 202.29 -284.22 0 0 0
14.458 -7.6644 -183.91 47.981 23.161 -202.35 14.597 157.53 -276.97 0 0 0 53.899 78.556 -243.24 -93.603 202.02 -283.93 0 0 0
14.823 -8.8556 -184.29 47.708 23.186 -202.34 14.362 157.55 -276.83 0 0 0 53.625 78.632 -243.16 -93.978 201.98 -283.85 0 0 0
15.187 -10.047 -184.67 47.435 23.211 -202.33 14.127 157.57 -276.69 0 0 0 53.351 78.708 -243.07 -94.353 201.94 -283.78 0 0 0
15.907 -11.32 -184.35 47.258 23.345 -202.25 13.805 157.66 -276.59 0 0 0 53.133 78.818 -243.07 -94.765 201.94 -283.74 0 0 0
17.315 -12.05 -182.33 47.27 23.86 -201.97 13.31 157.97 -276.67 0 0 0 52.99 79.19 -243.28 -95.19 202.33 -283.49 0 0 0
17.785 -12.175 -181.71 47.26 24.075 -201.91 13.165 158.12 -276.68 0 0 0 52.9 79.345 -243.3 -95.42 202.28 -283.2 0 0 0
18.122 -12.398 -181.44 47.282 24.11 -201.94 13.195 158.07 -276.69 0 0 0 52.855 79.415 -243.34 -95.547 202.29 -283.11 0 0 0
18.797 -12.842 -180.92 47.328 24.18 -201.99 13.255 157.98 -276.72 0 0 0 52.765 79.555 -243.41 -95.802 202.31 -282.92 0 0 0
0 0 0 0 0 0 0 0 0 0 0 0 0 0 0 0 0 0 0 0 0
